1 1.000000000000 0.000000000000 997
2 0.992000829061 0.001433765447 997
3 0.984382832689 0.002979625220 997
4 0.977971521298 0.003674768709 996
5 0.971703031738 0.004397387353 995
6 0.965874574685 0.005087230591 994
7 0.960313607543 0.005688993284 993
8 0.954877527768 0.006330948381 992
9 0.949629840883 0.006865734320 991
10 0.944424936157 0.007419468964 990
11 0.939342642540 0.007942350512 989
12 0.934342267397 0.008436476075 988
13 0.929457352801 0.008866601400 987
14 0.924593065025 0.009308470215 986
15 0.919787290244 0.009752193484 985
16 0.915007139575 0.010234542141 984
17 0.910277710118 0.010719017176 983
18 0.905584485362 0.011229105982 982
19 0.901026663193 0.011573028036 981
20 0.896506988308 0.011917352087 980
21 0.892044717272 0.012263352467 979
22 0.887636889379 0.012577479043 978
23 0.883250077399 0.012909895553 977
24 0.878889209395 0.013247007292 976
25 0.874589380124 0.013586283517 975
26 0.870322538926 0.013914761728 974
27 0.866119081589 0.014209488746 973
28 0.861956752251 0.014479702207 972
29 0.857822844443 0.014740549361 971
30 0.853707244342 0.014996184284 970
31 0.849644786843 0.015242762089 969
32 0.845605590911 0.015473383778 968
33 0.841613977719 0.015675822292 967
34 0.837646008013 0.015866134001 966
35 0.833697192785 0.016036902632 965
36 0.829786576221 0.016193117695 964
37 0.825893979055 0.016348613415 963
38 0.822020287080 0.016482672371 962
39 0.818157808531 0.016610203910 961
40 0.814333497362 0.016703369456 960
41 0.810522994908 0.016785959445 959
42 0.806734878195 0.016854044209 958
43 0.802954756753 0.016919412079 957
44 0.799196358583 0.016969263773 956
45 0.795460241787 0.016998509157 955
46 0.791750938080 0.017019518934 954
47 0.788046830377 0.017037374094 953
48 0.784360488651 0.017055681190 952
49 0.780701462755 0.017067249565 951
50 0.777056818022 0.017070750414 950
51 0.773432732215 0.017057503248 949
52 0.769821404565 0.017051061658 948
53 0.766243198399 0.017041568169 947
54 0.762697627136 0.017030237396 946
55 0.759176706200 0.017014229451 945
56 0.755673091320 0.016992779626 944
57 0.752178436954 0.016971868483 943
58 0.748699815221 0.016950287562 942
59 0.745243765579 0.016931053677 941
60 0.741808748896 0.016910715095 940
61 0.738381368884 0.016891504552 939
62 0.734958967920 0.016871921567 938
63 0.731537295270 0.016851582358 937
64 0.728117471232 0.016827535801 936
65 0.724704125408 0.016796911046 935
66 0.721291886238 0.016756100232 934
67 0.717881124312 0.016712462534 933
68 0.714482562322 0.016666871613 932
69 0.711103234538 0.016616431686 931
70 0.707740583554 0.016565170003 930
71 0.704383208191 0.016510013831 929
72 0.701041381307 0.016455905102 928
73 0.697710052834 0.016400515654 927
74 0.694383898933 0.016344286159 926
75 0.691069777807 0.016290149933 925
76 0.687777440893 0.016225916465 924
77 0.684485094115 0.016164847264 923
78 0.681205475684 0.016105234189 922
79 0.677928548186 0.016048736453 921
80 0.674657661706 0.015994303754 920
81 0.671402817344 0.015941538193 919
82 0.668167957635 0.015889583480 918
83 0.664955792778 0.015837020786 917
84 0.661743450783 0.015783967067 916
85 0.658543576717 0.015732397256 915
86 0.655388356915 0.015680056260 914
87 0.652240830868 0.015625790231 913
88 0.649100921682 0.015572820535 912
89 0.645963355967 0.015517252883 911
90 0.642853537561 0.015451022232 910
91 0.639743653654 0.015381769831 909
92 0.636648939591 0.015308478195 908
93 0.633563437237 0.015233612559 907
94 0.630489965284 0.015161520530 906
95 0.627426702716 0.015092985330 905
96 0.624382021427 0.015023819930 904
97 0.621344320073 0.014957429983 903
98 0.618324355046 0.014892841300 902
99 0.615311707516 0.014833430888 901
100 0.612302281500 0.014774454008 900
101 0.609292214026 0.014714220711 899
102 0.606287843308 0.014652592690 898
103 0.603305769909 0.014595081395 897
104 0.600333137160 0.014539387417 896
105 0.597371896323 0.014480505308 895
106 0.594409569769 0.014420564062 894
107 0.591477542902 0.014356328791 893
108 0.588560787859 0.014295427172 892
109 0.585646274300 0.014231555308 891
110 0.582745905188 0.014169181534 890
111 0.579863567592 0.014110684909 889
112 0.576982509624 0.014051467072 888
113 0.574117926267 0.013991641639 887
114 0.571269785746 0.013931145106 886
115 0.568420031191 0.013870018391 885
116 0.565617696633 0.013806443427 884
117 0.562822367835 0.013745247784 883
118 0.560031993663 0.013684389705 882
119 0.557255673075 0.013625895115 881
120 0.554479092585 0.013568652557 880
121 0.551701001837 0.013514153442 879
122 0.548928454431 0.013460352007 878
123 0.546153278240 0.013405597998 877
124 0.543392748788 0.013347658908 876
125 0.540654165846 0.013297753949 875
126 0.537924589528 0.013248099372 874
127 0.535210554079 0.013199388927 873
128 0.532511860894 0.013154161050 872
129 0.529832564199 0.013112192252 871
130 0.527197582255 0.013065024574 870
131 0.524601911428 0.013007176864 869
132 0.522005302401 0.012948173670 868
133 0.519417810895 0.012890322388 867
134 0.516832556564 0.012836797403 866
135 0.514263657318 0.012785513327 865
136 0.511697342738 0.012736958114 864
137 0.509128370623 0.012690085920 863
138 0.506578309006 0.012646238685 862
139 0.504035542218 0.012601271978 861
140 0.501511865995 0.012553479587 860
141 0.498989409787 0.012507535992 859
142 0.496481328987 0.012463995332 858
143 0.493974089651 0.012419399912 857
144 0.491484901636 0.012377930276 856
145 0.488992714064 0.012336388028 855
146 0.486498804707 0.012296144162 854
147 0.484012874063 0.012253300622 853
148 0.481535076650 0.012207740840 852
149 0.479053964328 0.012161915473 851
150 0.476587198241 0.012118415190 850
151 0.474160500143 0.012051989266 849
152 0.471735397069 0.011984333061 848
153 0.469318171363 0.011918022335 847
154 0.466930386346 0.011842752230 846
155 0.464582045008 0.011777639080 845
156 0.462251817182 0.011714838624 844
157 0.459929839866 0.011656391734 843
158 0.457626555830 0.011602591400 842
159 0.455323718463 0.011547180246 841
160 0.453020803002 0.011491518412 840
161 0.450716388118 0.011434814550 839
162 0.448417082222 0.011378749303 838
163 0.446117450192 0.011323346067 837
164 0.443835290196 0.011269000752 836
165 0.441585470460 0.011218625762 835
166 0.439349979933 0.011170619337 834
167 0.437122920788 0.011124345895 833
168 0.434903443364 0.011076760611 832
169 0.432713459280 0.011013801156 831
170 0.430540017965 0.010953173503 830
171 0.428376276936 0.010892493178 829
172 0.426222220827 0.010834463003 828
173 0.424093528899 0.010775940623 827
174 0.421971631463 0.010719513767 826
175 0.419860149397 0.010661453420 825
176 0.417753998352 0.010605759784 824
177 0.415658763340 0.010550189169 823
178 0.413569692402 0.010496255849 822
179 0.411497831667 0.010441375071 821
180 0.409434515318 0.010388118283 820
181 0.407388233902 0.010337773878 819
182 0.405363731571 0.010293932433 818
183 0.403349957479 0.010249771070 817
184 0.401362914509 0.010196013901 816
185 0.399371873458 0.010142364860 815
186 0.397380022365 0.010089595034 814
187 0.395385964790 0.010038853618 813
188 0.393446790200 0.009995223271 812
189 0.391515537878 0.009950289420 811
190 0.389588766167 0.009907689547 810
191 0.387680541190 0.009866280007 809
192 0.385784712230 0.009823904941 808
193 0.383905516690 0.009784643173 807
194 0.382033586350 0.009746719478 806
195 0.380174339223 0.009710487198 805
196 0.378325690997 0.009674354913 804
197 0.376480550163 0.009639234152 803
198 0.374633555341 0.009603313149 802
199 0.372784330125 0.009564942282 801
200 0.370939620186 0.009529781436 800
201 0.369097023248 0.009494871701 799
202 0.367251282101 0.009460986800 798
203 0.365402350890 0.009427643030 797
204 0.363561881693 0.009393891904 796
205 0.361719397392 0.009361557641 795
206 0.359895008614 0.009317764676 794
207 0.358068621090 0.009274329928 793
208 0.356239395046 0.009228482434 792
209 0.354434381399 0.009175845287 791
210 0.352640738198 0.009123900649 790
211 0.350871893910 0.009064488733 789
212 0.349111496499 0.009006793940 788
213 0.347348047494 0.008949489627 787
214 0.345581965217 0.008891488064 786
215 0.343838573928 0.008832156941 785
216 0.342097945701 0.008775749407 784
217 0.340366734262 0.008721081602 783
218 0.338633825589 0.008664923464 782
219 0.336895741250 0.008608054368 781
220 0.335183122341 0.008542237586 780
221 0.333489610881 0.008477326540 779
222 0.331794779930 0.008412194811 778
223 0.330107229660 0.008348570313 777
224 0.328434033395 0.008288633419 776
225 0.326769887710 0.008225963419 775
226 0.325115000107 0.008165827325 774
227 0.323458286230 0.008105039187 773
228 0.321800138611 0.008042503524 772
229 0.320152827623 0.007982027077 771
230 0.318513283774 0.007923632066 770
231 0.316903119515 0.007865084537 769
232 0.315299435054 0.007807826657 768
233 0.313702881183 0.007750463688 767
234 0.312112855083 0.007692623788 766
235 0.310522814743 0.007634110761 765
236 0.308945171000 0.007575469423 764
237 0.307373827695 0.007517771915 763
238 0.305822740462 0.007457859765 762
239 0.304280511478 0.007397005285 761
240 0.302734744248 0.007333288351 760
241 0.301203465674 0.007272511364 759
242 0.299686735505 0.007215438174 758
243 0.298178064236 0.007159632834 757
244 0.296677174056 0.007105217738 756
245 0.295172856228 0.007050456489 755
246 0.293666691874 0.006994303907 754
247 0.292159867790 0.006938202310 753
248 0.290667756794 0.006885091293 752
249 0.289194833425 0.006836244319 751
250 0.287722228258 0.006787774488 750
251 0.286256629536 0.006741407459 749
252 0.284800748788 0.006698029104 748
253 0.283342891748 0.006655020639 747
254 0.281880828690 0.006611696398 746
255 0.280425456552 0.006569889818 745
256 0.278977880623 0.006529135113 744
257 0.277526073383 0.006486901337 743
258 0.276071530228 0.006444509124 742
259 0.274645176568 0.006404122181 741
260 0.273226647166 0.006362624758 740
261 0.271814033628 0.006321381386 739
262 0.270400507044 0.006280349526 738
263 0.268995883874 0.006239718881 737
264 0.267597386062 0.006201965864 736
265 0.266196124561 0.006162283277 735
266 0.264821002682 0.006124638320 734
267 0.263444959465 0.006087371275 733
268 0.262065561960 0.006049561626 732
269 0.260710852736 0.006012468921 731
270 0.259362377557 0.005976289306 730
271 0.258012404702 0.005940809699 729
272 0.256668299051 0.005908308649 728
273 0.255330607428 0.005878009601 727
274 0.254015452832 0.005842194425 726
275 0.252716310282 0.005809543901 725
276 0.251414857473 0.005776362675 724
277 0.250113088393 0.005742421031 723
278 0.248828493432 0.005712816035 722
279 0.247542703858 0.005683584404 721
280 0.246254429778 0.005653274563 720
281 0.244975021856 0.005621331918 719
282 0.243693625564 0.005590031256 718
283 0.242443544271 0.005563028536 717
284 0.241193658199 0.005535344617 716
285 0.239943125077 0.005506912504 715
286 0.238702476632 0.005478677598 714
287 0.237475283709 0.005447772209 713
288 0.236255274186 0.005418696276 712
289 0.235063185489 0.005390927391 711
290 0.233880868104 0.005362620938 710
291 0.232695700934 0.005333707716 709
292 0.231518096682 0.005305971286 708
293 0.230365984704 0.005277146031 707
294 0.229236413365 0.005248834792 706
295 0.228104312537 0.005220882082 705
296 0.227006106960 0.005190100790 704
297 0.225916618076 0.005160914165 703
298 0.224850911595 0.005126885866 702
299 0.223783026144 0.005092501992 701
300 0.222712940683 0.005056973834 700
301 0.221649960126 0.005023845334 699
302 0.220583728327 0.004990878661 698
303 0.219528366549 0.004958113634 697
304 0.218470823135 0.004925824393 696
305 0.217411096473 0.004893357128 695
306 0.216372243660 0.004859875206 694
307 0.215339827619 0.004828552278 693
308 0.214305747343 0.004795979190 692
309 0.213282400541 0.004764903278 691
310 0.212256964068 0.004733622782 690
311 0.211229914818 0.004703677679 689
312 0.210215090633 0.004669665057 688
313 0.209224750919 0.004630803630 687
314 0.208231108864 0.004590960483 686
315 0.207235031649 0.004551174764 685
316 0.206238429735 0.004510906278 684
317 0.205253616189 0.004467011284 683
318 0.204277048578 0.004424035951 682
319 0.203299420446 0.004381088243 681
320 0.202333257359 0.004336695879 680
321 0.201374911413 0.004294695596 679
322 0.200437513413 0.004254123129 678
323 0.199497823791 0.004212988699 677
324 0.198566854870 0.004173689047 676
325 0.197641983941 0.004136505302 675
326 0.196714563015 0.004098510436 674
327 0.195785871536 0.004061134259 673
328 0.194855293964 0.004023393537 672
329 0.193922914646 0.003986321295 671
330 0.192999060438 0.003951524005 670
331 0.192074934798 0.003918239942 669
332 0.191172681981 0.003885764013 668
333 0.190269217320 0.003851976763 667
334 0.189377716279 0.003814532499 666
335 0.188484660549 0.003777367951 665
336 0.187598664787 0.003742412192 664
337 0.186710330354 0.003706441276 663
338 0.185821240562 0.003670333156 662
339 0.184939449921 0.003636453469 661
340 0.184055496792 0.003602551028 660
341 0.183179504622 0.003570719755 659
342 0.182301427417 0.003538499075 658
343 0.181443178825 0.003507072002 657
344 0.180583800863 0.003475833695 656
345 0.179722348492 0.003444875130 655
346 0.178878391826 0.003416875232 654
347 0.178045901812 0.003389071011 653
348 0.177211223705 0.003361669551 652
349 0.176374712040 0.003334157577 651
350 0.175545342901 0.003308741675 650
351 0.174725434698 0.003283842768 649
352 0.173903693923 0.003259172474 648
353 0.173079607971 0.003234445481 647
354 0.172264265248 0.003210304722 646
355 0.171446068004 0.003185574091 645
356 0.170626123660 0.003160900840 644
357 0.169817471484 0.003133807530 643
358 0.169008078204 0.003106129590 642
359 0.168231262890 0.003074348706 641
360 0.167462862387 0.003042483825 640
361 0.166701627621 0.003011802747 639
362 0.165951900988 0.002980709020 638
363 0.165209901990 0.002950524269 637
364 0.164466163766 0.002920309391 636
365 0.163720648268 0.002889355468 635
366 0.162984043336 0.002860305010 634
367 0.162247233768 0.002831469527 633
368 0.161530901287 0.002804669315 632
369 0.160813811644 0.002778500756 631
370 0.160105827732 0.002753633477 630
371 0.159395332204 0.002729037430 629
372 0.158682619270 0.002704389840 628
373 0.157969619211 0.002680629203 627
374 0.157254912294 0.002656537075 626
375 0.156538341850 0.002632427215 625
376 0.155819259757 0.002608275918 624
377 0.155096670072 0.002583633785 623
378 0.154372595259 0.002559362899 622
379 0.153668872029 0.002538516416 621
380 0.152963632108 0.002517594282 620
381 0.152269795043 0.002495430821 619
382 0.151574118097 0.002473393832 618
383 0.150876718961 0.002451002432 617
384 0.150176179623 0.002428284064 616
385 0.149474726630 0.002405635603 615
386 0.148770951066 0.002382921106 614
387 0.148067040779 0.002359778677 613
388 0.147372036990 0.002337584232 612
389 0.146675189229 0.002315317884 611
390 0.145977952578 0.002292662140 610
391 0.145277863246 0.002270301976 609
392 0.144575960030 0.002247760439 608
393 0.143872485491 0.002224981285 607
394 0.143165884569 0.002202246783 606
395 0.142456954092 0.002179486471 605
396 0.141759041478 0.002157943384 604
397 0.141060504074 0.002137180680 603
398 0.140381819654 0.002119677378 602
399 0.139701995594 0.002102391050 601
400 0.139021026908 0.002085145846 600
401 0.138361140252 0.002070931062 599
402 0.137700845857 0.002057046897 598
403 0.137052309517 0.002043824905 597
404 0.136402575063 0.002031348777 596
405 0.135762894066 0.002019946370 595
406 0.135121485439 0.002008418900 594
407 0.134491531588 0.001996098706 593
408 0.133859792547 0.001983829807 592
409 0.133227035742 0.001972132856 591
410 0.132592015053 0.001960401810 590
411 0.131971956474 0.001946410719 589
412 0.131349999918 0.001932040017 588
413 0.130736577854 0.001918737008 587
414 0.130135363270 0.001905615198 586
415 0.129531366168 0.001892206537 585
416 0.128951238182 0.001879719164 584
417 0.128379904709 0.001867508924 583
418 0.127808700671 0.001855254617 582
419 0.127237354936 0.001842814056 581
420 0.126686149541 0.001831992128 580
421 0.126149564826 0.001819318770 579
422 0.125610732924 0.001807064098 578
423 0.125086687972 0.001791964355 577
424 0.124561576857 0.001777426686 576
425 0.124035046901 0.001763072411 575
426 0.123518835007 0.001750025426 574
427 0.123013370765 0.001737626642 573
428 0.122518640521 0.001725974722 572
429 0.122022760499 0.001714269473 571
430 0.121525105573 0.001702393071 570
431 0.121037033901 0.001691267405 569
432 0.120548025058 0.001680026104 568
433 0.120057839334 0.001668663499 567
434 0.119567157738 0.001657120387 566
435 0.119075583604 0.001645480440 565
436 0.118583377212 0.001633577268 564
437 0.118088692896 0.001621434068 563
438 0.117609261923 0.001606203497 562
439 0.117128728000 0.001590922980 561
440 0.116645958056 0.001575696272 560
441 0.116161860467 0.001560590049 559
442 0.115677104334 0.001545334217 558
443 0.115190386216 0.001530477932 557
444 0.114702217988 0.001515642153 556
445 0.114212845787 0.001500733987 555
446 0.113733969752 0.001487057064 554
447 0.113278730413 0.001475126965 553
448 0.112833156376 0.001463467396 552
449 0.112386939691 0.001452215100 551
450 0.111951893734 0.001441196020 550
451 0.111515207216 0.001429986483 549
452 0.111077880435 0.001418849900 548
453 0.110638880507 0.001407781115 547
454 0.110197432610 0.001396980481 546
455 0.109754468002 0.001386330292 545
456 0.109310489335 0.001375728109 544
457 0.108864670222 0.001365212826 543
458 0.108429873362 0.001355572384 542
459 0.107994084030 0.001345874277 541
460 0.107557531472 0.001336305081 540
461 0.107118803672 0.001326659544 539
462 0.106678783331 0.001317034414 538
463 0.106238078392 0.001307159655 537
464 0.105795537327 0.001297960711 536
465 0.105351712620 0.001288558221 535
466 0.104918164031 0.001279715063 534
467 0.104495060815 0.001271054486 533
468 0.104083368835 0.001262785257 532
469 0.103668259967 0.001254913242 531
470 0.103252595765 0.001247393500 530
471 0.102836099502 0.001239875070 529
472 0.102418576995 0.001232464943 528
473 0.101999956906 0.001224933694 527
474 0.101595962379 0.001216557578 526
475 0.101202390909 0.001208611438 525
476 0.100807354769 0.001200573854 524
477 0.100412208111 0.001192717648 523
478 0.100028929870 0.001185765297 522
479 0.099644579513 0.001179167745 521
480 0.099257719881 0.001172634034 520
481 0.098884059508 0.001166813625 519
482 0.098538001272 0.001159396071 518
483 0.098191539637 0.001151902878 517
484 0.097844767169 0.001144437028 516
485 0.097497328838 0.001137205891 515
486 0.097148755023 0.001129970340 514
487 0.096798976756 0.001122781176 513
488 0.096447806324 0.001115375280 512
489 0.096095521856 0.001107843458 511
490 0.095742267002 0.001100543030 510
491 0.095400302939 0.001093332092 509
492 0.095056597618 0.001086137378 508
493 0.094712251961 0.001079112368 507
494 0.094367103907 0.001071892034 506
495 0.094022552630 0.001064778887 505
496 0.093689573428 0.001058056120 504
497 0.093354570645 0.001051226736 503
498 0.093018362414 0.001044352444 502
499 0.092681155199 0.001037370189 501
500 0.092343358925 0.001030477295 500
501 0.092020814981 0.001023124267 499
502 0.091709599975 0.001015980604 498
503 0.091398806432 0.001009112848 497
504 0.091086579830 0.001002024554 496
505 0.090774107820 0.000994780032 495
506 0.090460880956 0.000987778620 494
507 0.090160380625 0.000980842221 493
508 0.089859316250 0.000974133384 492
509 0.089557551559 0.000967262209 491
510 0.089268240419 0.000960903558 490
511 0.088977186689 0.000954376188 489
512 0.088685980387 0.000947822477 488
513 0.088393249913 0.000941106057 487
514 0.088100028450 0.000934385979 486
515 0.087805316976 0.000927700636 485
516 0.087509752105 0.000921324812 484
517 0.087213666472 0.000914962839 483
518 0.086915989726 0.000908530933 482
519 0.086618371475 0.000901958549 481
520 0.086319172668 0.000895142270 480
521 0.086019046871 0.000888453462 479
522 0.085718385759 0.000881710418 478
523 0.085416681618 0.000875108117 477
524 0.085114966218 0.000868471751 476
525 0.084811511446 0.000861771663 475
526 0.084507842130 0.000855412946 474
527 0.084202415863 0.000848931476 473
528 0.083895298187 0.000842689417 472
529 0.083586815224 0.000836844693 471
530 0.083277024876 0.000830893465 470
531 0.082965271678 0.000825412665 469
532 0.082653548652 0.000819697461 468
533 0.082340748183 0.000813891284 467
534 0.082026648254 0.000808018358 466
535 0.081711813911 0.000802157682 465
536 0.081395850595 0.000796268888 464
537 0.081079062572 0.000790320464 463
538 0.080761226084 0.000784180608 462
539 0.080443892856 0.000778239711 461
540 0.080125285975 0.000772303620 460
541 0.079822699623 0.000766282543 459
542 0.079519217745 0.000760127856 458
543 0.079228211025 0.000754197046 457
544 0.078936961376 0.000748326211 456
545 0.078644822346 0.000742250596 455
546 0.078352365114 0.000736063567 454
547 0.078058939997 0.000729880724 453
548 0.077777486166 0.000723966959 452
549 0.077494276255 0.000718408910 451
550 0.077209712990 0.000712742490 450
551 0.076938337990 0.000707038958 449
552 0.076665868170 0.000701239344 448
553 0.076393180914 0.000695316876 447
554 0.076120717982 0.000689561493 446
555 0.075847682837 0.000683845564 445
556 0.075573371703 0.000678282501 444
557 0.075297177816 0.000672661205 443
558 0.075019554772 0.000667055549 442
559 0.074741129043 0.000661771926 441
560 0.074461308017 0.000656472510 440
561 0.074181282091 0.000651227156 439
562 0.073901231855 0.000646064093 438
563 0.073620391977 0.000640875468 437
564 0.073339279292 0.000635997930 436
565 0.073056761865 0.000630987583 435
566 0.072773205510 0.000625854414 434
567 0.072489095549 0.000620861168 433
568 0.072203252264 0.000615838526 432
569 0.071916627180 0.000610648805 431
570 0.071628967334 0.000605694108 430
571 0.071339871693 0.000600586116 429
572 0.071050605345 0.000595398088 428
573 0.070761271423 0.000590052304 427
574 0.070471029418 0.000584436169 426
575 0.070179011444 0.000578878144 425
576 0.069886581850 0.000573091885 424
577 0.069593757056 0.000567347606 423
578 0.069299950179 0.000561650680 422
579 0.069034515250 0.000556718380 421
580 0.068782481445 0.000552859663 420
581 0.068529446600 0.000549139039 419
582 0.068307169231 0.000545929675 418
583 0.068083794484 0.000542853168 417
584 0.067859468087 0.000539645577 416
585 0.067634015402 0.000536795295 415
586 0.067407154668 0.000533897785 414
587 0.067179340060 0.000530983121 413
588 0.066951711804 0.000527939078 412
589 0.066722129139 0.000524848610 411
590 0.066491761795 0.000521637140 410
591 0.066261321100 0.000518345107 409
592 0.066030245945 0.000515156523 408
593 0.065798536583 0.000511871961 407
594 0.065565039213 0.000508390632 406
595 0.065330146857 0.000504958579 405
596 0.065095203629 0.000501487279 404
597 0.064860001217 0.000497880708 403
598 0.064624387827 0.000494324563 402
599 0.064406632376 0.000489993292 401
600 0.064188685577 0.000485568543 400
601 0.063969298328 0.000481280511 399
602 0.063748442514 0.000476897730 398
603 0.063527664054 0.000472616812 397
604 0.063305591358 0.000468224990 396
605 0.063082859726 0.000464148302 395
606 0.062860834162 0.000460216406 394
607 0.062637387778 0.000456237365 393
608 0.062413123468 0.000452225949 392
609 0.062187511609 0.000448275441 391
610 0.061961222883 0.000444208536 390
611 0.061733095596 0.000440487551 389
612 0.061503381914 0.000436694993 388
613 0.061273445634 0.000432729336 387
614 0.061042829708 0.000428926404 386
615 0.060811484184 0.000425008421 385
616 0.060595382309 0.000421550111 384
617 0.060377155262 0.000418184214 383
618 0.060156703753 0.000415026037 382
619 0.059935155976 0.000411894231 381
620 0.059713045251 0.000408963411 380
621 0.059491295670 0.000406009609 379
622 0.059268802109 0.000402976725 378
623 0.059045784897 0.000399761837 377
624 0.058821545202 0.000396670356 376
625 0.058596309015 0.000393428065 375
626 0.058369596167 0.000390528457 374
627 0.058142451641 0.000387620775 373
628 0.057914590726 0.000384574190 372
629 0.057686038878 0.000381652713 371
630 0.057456786709 0.000378779409 370
631 0.057226942905 0.000375809895 369
632 0.056996631677 0.000372838949 368
633 0.056764086293 0.000369843604 367
634 0.056531842639 0.000366725815 366
635 0.056298660840 0.000363882954 365
636 0.056064720074 0.000360948849 364
637 0.055830628462 0.000357825285 363
638 0.055595047328 0.000354616966 362
639 0.055358355243 0.000351690470 361
640 0.055138257097 0.000349069929 360
641 0.054915542282 0.000346415417 359
642 0.054691999725 0.000343667443 358
643 0.054466240335 0.000340921294 357
644 0.054239468579 0.000338177383 356
645 0.054011859489 0.000335654338 355
646 0.053782155101 0.000332921788 354
647 0.053552583130 0.000330194512 353
648 0.053321364352 0.000327280861 352
649 0.053089409722 0.000324326655 351
650 0.052855984291 0.000321257432 350
651 0.052620751876 0.000317952706 349
652 0.052384144410 0.000314511682 348
653 0.052146170600 0.000310918928 347
654 0.051906590374 0.000307421575 346
655 0.051666498325 0.000304015037 345
656 0.051424239159 0.000300660300 344
657 0.051181621457 0.000297566137 343
658 0.050956677310 0.000294715651 342
659 0.050731013765 0.000291834849 341
660 0.050505564330 0.000288953275 340
661 0.050297381081 0.000286364364 339
662 0.050088314949 0.000283829659 338
663 0.049898598840 0.000282027882 337
664 0.049707555298 0.000280309030 336
665 0.049516288983 0.000278546045 335
666 0.049322732306 0.000276637286 334
667 0.049128219297 0.000274720080 333
668 0.048931990816 0.000272920827 332
669 0.048734540279 0.000271199133 331
670 0.048535040602 0.000270082761 330
671 0.048335126050 0.000268924797 329
672 0.048134344693 0.000267647526 328
673 0.047933452816 0.000266370730 327
674 0.047731259088 0.000264985512 326
675 0.047527418746 0.000263557223 325
676 0.047323093880 0.000262066380 324
677 0.047117043850 0.000260657229 323
678 0.046909601619 0.000259172096 322
679 0.046701501220 0.000257816862 321
680 0.046492889994 0.000256701526 320
681 0.046284192985 0.000255605830 319
682 0.046074588622 0.000254466271 318
683 0.045865084523 0.000253315044 317
684 0.045655274360 0.000252115219 316
685 0.045443895486 0.000250791915 315
686 0.045232773698 0.000249435305 314
687 0.045019592143 0.000247942524 313
688 0.044804567672 0.000246318650 312
689 0.044588066547 0.000244547178 311
690 0.044370651914 0.000242690951 310
691 0.044152463820 0.000240708509 309
692 0.043954084985 0.000239089067 308
693 0.043754517656 0.000237970643 307
694 0.043554461047 0.000237067477 306
695 0.043353187665 0.000236102133 305
696 0.043151197316 0.000235069834 304
697 0.042949153579 0.000233964264 303
698 0.042746172628 0.000232717289 302
699 0.042541447525 0.000231323910 301
700 0.042334636087 0.000229789273 300
701 0.042127129893 0.000228213201 299
702 0.041917520430 0.000227385738 298
703 0.041705977232 0.000226365636 297
704 0.041494370277 0.000225537549 296
705 0.041280985976 0.000224438239 295
706 0.041090188970 0.000224063439 294
707 0.040898422928 0.000223596509 293
708 0.040705625380 0.000223051940 292
709 0.040511931506 0.000222468097 291
710 0.040317368133 0.000221791827 290
711 0.040122310287 0.000221073669 289
712 0.039926363436 0.000220281996 288
713 0.039729008542 0.000219427228 287
714 0.039529893773 0.000218713391 286
715 0.039351557724 0.000218292155 285
716 0.039172040249 0.000217763273 284
717 0.038990508688 0.000217730700 283
718 0.038808654722 0.000217644492 282
719 0.038625955402 0.000217468390 281
720 0.038441693366 0.000217250555 280
721 0.038256432863 0.000216959953 279
722 0.038069727210 0.000216569877 278
723 0.037904027209 0.000216726468 277
724 0.037737013530 0.000216828021 276
725 0.037568587127 0.000216753380 275
726 0.037399717934 0.000216619315 274
727 0.037229856435 0.000216460789 273
728 0.037059768695 0.000216200545 272
729 0.036888524959 0.000215943302 271
730 0.036716200782 0.000215621312 270
731 0.036542513587 0.000215178377 269
732 0.036368517698 0.000214734712 268
733 0.036192804879 0.000214152111 267
734 0.036015818640 0.000213484699 266
735 0.035838341441 0.000212714419 265
736 0.035658874732 0.000211784861 264
737 0.035477419174 0.000211323332 263
738 0.035293826211 0.000210758290 262
739 0.035108935605 0.000210341814 261
740 0.034923387015 0.000209878216 260
741 0.034736968578 0.000209238330 259
742 0.034549641509 0.000208511727 258
743 0.034360744671 0.000207656901 257
744 0.034169893596 0.000207082019 256
745 0.033978205721 0.000206508083 255
746 0.033785546099 0.000205822756 254
747 0.033591187984 0.000205070974 253
748 0.033395595489 0.000204197731 252
749 0.033198284713 0.000203242398 251
750 0.032999026213 0.000202151863 250
751 0.032825316715 0.000199417688 249
752 0.032650531071 0.000197253262 248
753 0.032475327436 0.000195055601 247
754 0.032325931638 0.000193363071 246
755 0.032176609408 0.000191722852 245
756 0.032026384975 0.000190020054 244
757 0.031875711621 0.000188303180 243
758 0.031724123230 0.000186538919 242
759 0.031570655506 0.000184649545 241
760 0.031415891371 0.000183027360 240
761 0.031259996682 0.000181351392 239
762 0.031102676175 0.000179909512 238
763 0.030944513832 0.000178445279 237
764 0.030784507538 0.000176895670 236
765 0.030623780625 0.000175328053 235
766 0.030460826546 0.000173646270 234
767 0.030296473720 0.000171896257 233
768 0.030130230828 0.000170314499 232
769 0.029962210235 0.000168654229 231
770 0.029793399165 0.000166910049 230
771 0.029623459484 0.000165120693 229
772 0.029452206135 0.000163254992 228
773 0.029279282284 0.000161306268 227
774 0.029132850823 0.000159985939 226
775 0.028985439779 0.000158990900 225
776 0.028837063267 0.000157995253 224
777 0.028686681932 0.000157587670 223
778 0.028535325591 0.000157142853 222
779 0.028382770787 0.000156656478 221
780 0.028229871042 0.000156171391 220
781 0.028075583160 0.000155639617 219
782 0.027920429690 0.000155049928 218
783 0.027764067663 0.000154703088 217
784 0.027606770743 0.000154336517 216
785 0.027447662734 0.000153878916 215
786 0.027288125761 0.000153421508 214
787 0.027127611478 0.000152915171 213
788 0.026965187974 0.000152345174 212
789 0.026802111882 0.000151749025 211
790 0.026636755716 0.000151021194 210
791 0.026469851162 0.000150650338 209
792 0.026301164089 0.000150204981 208
793 0.026131389873 0.000149737629 207
794 0.025959592369 0.000149184747 206
795 0.025786831009 0.000148561242 205
796 0.025612375911 0.000147871051 204
797 0.025435798132 0.000147050547 203
798 0.025256891787 0.000146120243 202
799 0.025076003997 0.000145083767 201
800 0.024892557233 0.000144267583 200
801 0.024707272393 0.000143367485 199
802 0.024521093957 0.000142809372 198
803 0.024332231542 0.000142133519 197
804 0.024142408509 0.000141415738 196
805 0.023950086076 0.000140628422 195
806 0.023754211579 0.000140894289 194
807 0.023557302805 0.000141120080 193
808 0.023357322673 0.000141200226 192
809 0.023154897532 0.000141197071 191
810 0.022949716449 0.000141074996 190
811 0.022741257834 0.000140796045 189
812 0.022530556371 0.000140398735 188
813 0.022316507372 0.000139825380 187
814 0.022101218894 0.000139199871 186
815 0.021915339735 0.000138423601 185
816 0.021728495223 0.000137594111 184
817 0.021539426508 0.000136691459 183
818 0.021348725046 0.000135739577 182
819 0.021155908730 0.000134707817 181
820 0.020960753946 0.000133616900 180
821 0.020762535732 0.000132846875 179
822 0.020562049594 0.000131910427 178
823 0.020358370099 0.000130805703 177
824 0.020153290763 0.000129671696 176
825 0.019945840245 0.000128423852 175
826 0.019736462487 0.000127088298 174
827 0.019525124854 0.000125670845 173
828 0.019311121169 0.000124133211 172
829 0.019094359382 0.000122911704 171
830 0.018876284208 0.000121676136 170
831 0.018691190435 0.000120454269 169
832 0.018503208806 0.000119132551 168
833 0.018312482778 0.000117707146 167
834 0.018118673329 0.000116132172 166
835 0.017921535628 0.000114452452 165
836 0.017720898916 0.000112589106 164
837 0.017517831610 0.000110626137 163
838 0.017311756652 0.000109022685 162
839 0.017103548510 0.000107312337 161
840 0.016893568755 0.000105546229 160
841 0.016680968345 0.000103690273 159
842 0.016465461739 0.000101733234 158
843 0.016247799001 0.000099713071 157
844 0.016026801639 0.000098081227 156
845 0.015803733009 0.000096319403 155
846 0.015577260068 0.000094395762 154
847 0.015347331921 0.000092342394 153
848 0.015114592908 0.000090163301 152
849 0.014922820645 0.000089618745 151
850 0.014728453426 0.000088981712 150
851 0.014531285690 0.000088279682 149
852 0.014330673112 0.000087475729 148
853 0.014214016403 0.000085824959 147
854 0.014095495767 0.000084114726 146
855 0.013975636913 0.000082363533 145
856 0.013854373133 0.000080561019 144
857 0.013730854967 0.000078694616 143
858 0.013606117659 0.000076769142 142
859 0.013478230138 0.000074761805 141
860 0.013349411069 0.000072748390 140
861 0.013218196794 0.000070673304 139
862 0.013085066168 0.000068570035 138
863 0.012949992028 0.000066399834 137
864 0.012813224193 0.000064156611 136
865 0.012674721340 0.000061838180 135
866 0.012533292131 0.000059435505 134
867 0.012389122331 0.000056916960 133
868 0.012241855486 0.000054312394 132
869 0.012091452835 0.000051603684 131
870 0.011938495963 0.000048838277 130
871 0.011784406996 0.000046032921 129
872 0.011678305695 0.000044862644 128
873 0.011571157340 0.000043676780 127
874 0.011513534982 0.000043585174 126
875 0.011454982329 0.000043461039 125
876 0.011395485278 0.000043327879 124
877 0.011334028356 0.000043152330 123
878 0.011271878211 0.000042962971 122
879 0.011208063102 0.000042768936 121
880 0.011141781755 0.000042519965 120
881 0.011074716756 0.000042254625 119
882 0.011004749643 0.000041925882 118
883 0.010934939046 0.000041594676 117
884 0.010863637013 0.000041271394 116
885 0.010791094945 0.000040932055 115
886 0.010716964696 0.000040599558 114
887 0.010641907976 0.000040267137 113
888 0.010565510956 0.000039917209 112
889 0.010488153024 0.000039577258 111
890 0.010407917876 0.000039202811 110
891 0.010325421829 0.000038763462 109
892 0.010240606755 0.000038276500 108
893 0.010155005070 0.000037791504 107
894 0.010067767385 0.000037270628 106
895 0.009978500249 0.000036738734 105
896 0.009888296653 0.000036174722 104
897 0.009797525919 0.000035595368 103
898 0.009704960450 0.000034977463 102
899 0.009611407950 0.000034368705 101
900 0.009515923505 0.000033708257 100
901 0.009418081381 0.000032995822 99
902 0.009318242480 0.000032249112 98
903 0.009215015044 0.000031438629 97
904 0.009110031517 0.000030586947 96
905 0.009001902097 0.000029674008 95
906 0.008891923553 0.000028738894 94
907 0.008780463225 0.000027767412 93
908 0.008666981529 0.000026747068 92
909 0.008551892101 0.000025686719 91
910 0.008434729233 0.000024586432 90
911 0.008314523270 0.000023434897 89
912 0.008192136331 0.000022251243 88
913 0.008067780319 0.000021005993 87
914 0.007939538808 0.000019676581 86
915 0.007807767271 0.000018269531 85
916 0.007673875731 0.000016830212 84
917 0.007536291354 0.000015332020 83
918 0.007474056450 0.000015114348 82
919 0.007410284883 0.000014883265 81
920 0.007343989485 0.000014640281 80
921 0.007274559638 0.000014385173 79
922 0.007205434172 0.000014138719 78
923 0.007134513239 0.000013875932 77
924 0.007061665821 0.000013580923 76
925 0.006986370869 0.000013267846 75
926 0.006908522802 0.000012935247 74
927 0.006828541911 0.000012580914 73
928 0.006745800164 0.000012203961 72
929 0.006661325427 0.000011817516 71
930 0.006574437126 0.000011405140 70
931 0.006485030323 0.000010965050 69
932 0.006392993909 0.000010495316 68
933 0.006296427650 0.000009993808 67
934 0.006198744638 0.000009458002 66
935 0.006098055994 0.000008885736 65
936 0.005994220830 0.000008274349 64
937 0.005887089311 0.000007620953 63
938 0.005776501937 0.000006922402 62
939 0.005662975528 0.000006194166 61
940 0.005545699044 0.000005432578 60
941 0.005531045529 0.000005511772 59
942 0.005515173678 0.000005591940 58
943 0.005498009944 0.000005672957 57
944 0.005480981320 0.000005757732 56
945 0.005464085409 0.000005846431 55
946 0.005445797863 0.000005936305 54
947 0.005426820221 0.000006028862 53
948 0.005408693172 0.000006127387 52
949 0.005389054677 0.000006227477 51
950 0.005368630642 0.000006330752 50
951 0.005345673992 0.000006433601 49
952 0.005321760815 0.000006539614 48
953 0.005296830056 0.000006648920 47
954 0.005268010784 0.000006754426 46
955 0.005237910656 0.000006862848 45
956 0.005204422048 0.000006968355 44
957 0.005169375831 0.000007076367 43
958 0.005133726049 0.000007190203 42
959 0.005096337254 0.000007306861 41
960 0.005058182771 0.000007429846 40
961 0.005019188807 0.000007559534 39
962 0.004978142529 0.000007692762 38
963 0.004937186746 0.000007836934 37
964 0.004893955642 0.000007985476 36
965 0.004845813021 0.000008130195 35
966 0.004793557035 0.000008273745 34
967 0.004739454298 0.000008424943 33
968 0.004680608602 0.000008573949 32
969 0.004619371868 0.000008730530 31
970 0.004554052684 0.000008889283 30
971 0.004484228730 0.000009049549 29
972 0.004409417350 0.000009210441 28
973 0.004332228863 0.000009384743 27
974 0.004249102800 0.000009559126 26
975 0.004157629004 0.000009723938 25
976 0.004058532391 0.000009883598 24
977 0.003950818681 0.000010034866 23
978 0.003833312816 0.000010173421 22
979 0.003704615917 0.000010293486 21
980 0.003565171388 0.000010399820 20
981 0.003411048487 0.000010472101 19
982 0.003239800820 0.000010496695 18
983 0.003048406369 0.000010454775 17
984 0.002833087611 0.000010320041 16
985 0.002589059686 0.000010055250 15
986 0.002310170628 0.000009606796 14
987 0.001988375562 0.000008896051 13
988 0.001612947984 0.000007805092 12
989 0.001169260847 0.000006152347 11
990 0.000641025641 0.000003698225 10
991 0.000000000000 0.000000000000 9
992 0.000000000000 0.000000000000 8
993 0.000000000000 0.000000000000 7
994 0.000000000000 0.000000000000 6
995 0.000000000000 0.000000000000 5
996 0.000000000000 0.000000000000 4
997 0.000000000000 0.000000000000 3
998 0.000000000000 0.000000000000 2
999 0.000000000000 0.000000000000 1
