1 1.000000000000 0.000000000000 993
2 0.992194282354 0.001743528403 993
3 0.984633443185 0.003483293203 993
4 0.977177180983 0.005247512270 993
5 0.969973710291 0.007135779683 993
6 0.962873070457 0.009033086815 993
7 0.955949650028 0.010896370307 993
8 0.950041156414 0.011816866499 992
9 0.944201789814 0.012751630497 991
10 0.938420501280 0.013639188559 990
11 0.933217749173 0.014279108712 989
12 0.928049168889 0.014950126843 988
13 0.922914993433 0.015682199335 987
14 0.917994516263 0.016225713967 986
15 0.913064651436 0.016745372881 985
16 0.908234328322 0.017203070529 984
17 0.903433337265 0.017703777160 983
18 0.898666863077 0.018241406426 982
19 0.893983942606 0.018729418013 981
20 0.889358073549 0.019176508972 980
21 0.884736627959 0.019626310307 979
22 0.880140673291 0.020111211454 978
23 0.875578598547 0.020549285614 977
24 0.871033535910 0.020977265122 976
25 0.866544967752 0.021453152603 975
26 0.862057179789 0.021917841919 974
27 0.857577319698 0.022359167600 973
28 0.853103305788 0.022804670894 972
29 0.848659834812 0.023238768343 971
30 0.844266993023 0.023673536478 970
31 0.839860667343 0.024092748148 969
32 0.835468171778 0.024482592694 968
33 0.831082850875 0.024873685745 967
34 0.826872975533 0.025029436860 966
35 0.822668152215 0.025202518518 965
36 0.818498384063 0.025391758227 964
37 0.814362781644 0.025589418513 963
38 0.810212732533 0.025789123709 962
39 0.806088001998 0.025980416523 961
40 0.802009731425 0.026180582714 960
41 0.797940780044 0.026375955055 959
42 0.793898374302 0.026547227025 958
43 0.789876505754 0.026717338228 957
44 0.785851928486 0.026880636020 956
45 0.781859539413 0.027013260708 955
46 0.777871424143 0.027144242738 954
47 0.773924392110 0.027272524316 953
48 0.770026012996 0.027368816691 952
49 0.766134505852 0.027470626694 951
50 0.762269557965 0.027580353871 950
51 0.758453750185 0.027685335457 949
52 0.754681094183 0.027777881595 948
53 0.750927410819 0.027864512191 947
54 0.747178829576 0.027951900571 946
55 0.743448304985 0.028026116436 945
56 0.739751587001 0.028085198925 944
57 0.736087494879 0.028135163031 943
58 0.732430786670 0.028172618755 942
59 0.728793427473 0.028192969667 941
60 0.725164313682 0.028183552475 940
61 0.721574140109 0.028169941769 939
62 0.718019896852 0.028148152953 938
63 0.714517514595 0.028127109401 937
64 0.711023603902 0.028101452934 936
65 0.707552458892 0.028070544379 935
66 0.704082064481 0.028043822708 934
67 0.700622142318 0.028006196238 933
68 0.697207201483 0.027971800745 932
69 0.693796675675 0.027941463464 931
70 0.690403113178 0.027906092118 930
71 0.687072664539 0.027823122047 929
72 0.683755633729 0.027743718367 928
73 0.680444269623 0.027668830199 927
74 0.677170206082 0.027598344720 926
75 0.673923462180 0.027521866149 925
76 0.670683282562 0.027442874549 924
77 0.667436000474 0.027359854726 923
78 0.664206335255 0.027281530810 922
79 0.660974739319 0.027199052679 921
80 0.657736708091 0.027114966311 920
81 0.654498327244 0.027034707589 919
82 0.651275387684 0.026963031675 918
83 0.648061944933 0.026895342649 917
84 0.644860126744 0.026828801330 916
85 0.641659573024 0.026766336696 915
86 0.638542690400 0.026664739756 914
87 0.635425304766 0.026564823802 913
88 0.632311062693 0.026467500756 912
89 0.629190984077 0.026374108759 911
90 0.626084901147 0.026280868791 910
91 0.622977709397 0.026186643753 909
92 0.619870791793 0.026095811009 908
93 0.616781065044 0.025993322673 907
94 0.613711910763 0.025887347715 906
95 0.610673216888 0.025788161774 905
96 0.607648730854 0.025688135683 904
97 0.604621168848 0.025582442761 903
98 0.601593679819 0.025481832909 902
99 0.598565967329 0.025381147590 901
100 0.595594918294 0.025291603350 900
101 0.592616200175 0.025203415118 899
102 0.589648384340 0.025113499009 898
103 0.586676386783 0.025022107703 897
104 0.583701919509 0.024927331689 896
105 0.580729009908 0.024834526183 895
106 0.577749791722 0.024740542352 894
107 0.574810824190 0.024611227457 893
108 0.571865997257 0.024480240926 892
109 0.568920170653 0.024345757548 891
110 0.565973214907 0.024211859556 890
111 0.563041037085 0.024077323272 889
112 0.560114201319 0.023952477124 888
113 0.557177058002 0.023824019536 887
114 0.554293601010 0.023674704464 886
115 0.551413518144 0.023524901237 885
116 0.548528816381 0.023379685301 884
117 0.545634989102 0.023238213660 883
118 0.542734672882 0.023096626953 882
119 0.539846983328 0.022950953736 881
120 0.536962916532 0.022803104571 880
121 0.534075897485 0.022657785261 879
122 0.531202702814 0.022520258743 878
123 0.528347909907 0.022392450465 877
124 0.525496406523 0.022269249719 876
125 0.522648580912 0.022153171015 875
126 0.519793216025 0.022039124196 874
127 0.516943039127 0.021919843654 873
128 0.514107013612 0.021812741121 872
129 0.511298697093 0.021702770668 871
130 0.508506596852 0.021586388717 870
131 0.505704423051 0.021472130404 869
132 0.502898054287 0.021360258789 868
133 0.500139422846 0.021261857399 867
134 0.497434610900 0.021145631131 866
135 0.494730833102 0.021028617657 865
136 0.492059539074 0.020894887714 864
137 0.489416948719 0.020757284088 863
138 0.486792320868 0.020614780151 862
139 0.484231314642 0.020454726543 861
140 0.481668204001 0.020298005964 860
141 0.479103671589 0.020137476976 859
142 0.476555823324 0.019984457749 858
143 0.474026465783 0.019842555719 857
144 0.471497170919 0.019696263581 856
145 0.468973224382 0.019554702927 855
146 0.466489628822 0.019420173779 854
147 0.464019207685 0.019284431597 853
148 0.461544487884 0.019152526270 852
149 0.459067979351 0.019020765212 851
150 0.456616961323 0.018889892862 850
151 0.454224437398 0.018741763745 849
152 0.451844278012 0.018593120856 848
153 0.449455958180 0.018449775504 847
154 0.447063209667 0.018309312149 846
155 0.444675091285 0.018166892684 845
156 0.442325058688 0.018023784125 844
157 0.439996816957 0.017884000176 843
158 0.437686063197 0.017748591671 842
159 0.435391671957 0.017620638111 841
160 0.433094449575 0.017494743047 840
161 0.430796270883 0.017362876772 839
162 0.428496661861 0.017233503079 838
163 0.426197502626 0.017105837087 837
164 0.423893565507 0.016977422736 836
165 0.421603969032 0.016855452128 835
166 0.419319026397 0.016735212310 834
167 0.417031929367 0.016617168807 833
168 0.414735320249 0.016500437629 832
169 0.412454412390 0.016380980328 831
170 0.410174143415 0.016262589871 830
171 0.407888045713 0.016143537998 829
172 0.405597552433 0.016024772650 828
173 0.403357534423 0.015906376381 827
174 0.401128608919 0.015795165297 826
175 0.398918535907 0.015679587195 825
176 0.396748907526 0.015545055994 824
177 0.394573668458 0.015411771919 823
178 0.392395151626 0.015277532186 822
179 0.390246519072 0.015129155321 821
180 0.388112350356 0.014984376605 820
181 0.385975900853 0.014838821611 819
182 0.383857862334 0.014695986359 818
183 0.381768235117 0.014550904058 817
184 0.379674460978 0.014405522623 816
185 0.377576807225 0.014260839534 815
186 0.375494017473 0.014127577999 814
187 0.373404670003 0.014000873880 813
188 0.371308945664 0.013873682463 812
189 0.369232375245 0.013751042353 811
190 0.367152867640 0.013627992771 810
191 0.365089085767 0.013512705122 809
192 0.363024765684 0.013396395620 808
193 0.360956477022 0.013280311982 807
194 0.358907331809 0.013171839394 806
195 0.356898608522 0.013076129436 805
196 0.354914720517 0.012984474775 804
197 0.352945980691 0.012903315948 803
198 0.351013117249 0.012806317779 802
199 0.349076036622 0.012710339329 801
200 0.347139368893 0.012614189178 800
201 0.345251933254 0.012520931427 799
202 0.343357977589 0.012426878038 798
203 0.341481636734 0.012338706932 797
204 0.339599149974 0.012247462684 796
205 0.337717775258 0.012156439875 795
206 0.335878359745 0.012067792440 794
207 0.334035771294 0.011975565559 793
208 0.332193007108 0.011884780004 792
209 0.330353452019 0.011795306184 791
210 0.328512756525 0.011702650885 790
211 0.326673812338 0.011605417208 789
212 0.324833176500 0.011506005624 788
213 0.322990280397 0.011401896300 787
214 0.321145052039 0.011295806859 786
215 0.319295127591 0.011191027687 785
216 0.317441991167 0.011086129526 784
217 0.315610941847 0.010984059704 783
218 0.313791108510 0.010891755050 782
219 0.311970114861 0.010799275577 781
220 0.310172057588 0.010704528625 780
221 0.308406875393 0.010621336973 779
222 0.306662128674 0.010542990135 778
223 0.304909248624 0.010470795675 777
224 0.303172285820 0.010399317207 776
225 0.301460458948 0.010329103042 775
226 0.299783918652 0.010269992939 774
227 0.298108371498 0.010211418406 773
228 0.296431998132 0.010152952017 772
229 0.294757501103 0.010095944693 771
230 0.293082314247 0.010039371395 770
231 0.291403203417 0.009980875589 769
232 0.289744938994 0.009922807201 768
233 0.288084857576 0.009865843562 767
234 0.286442441845 0.009806633233 766
235 0.284797896925 0.009749356171 765
236 0.283147117982 0.009692578868 764
237 0.281518586825 0.009636932959 763
238 0.279886471521 0.009586565820 762
239 0.278254293532 0.009537505317 761
240 0.276627414729 0.009487230795 760
241 0.274995706653 0.009436564948 759
242 0.273384488059 0.009383844018 758
243 0.271789621197 0.009336965403 757
244 0.270214895129 0.009295759758 756
245 0.268635448035 0.009253951748 755
246 0.267049961201 0.009209850809 754
247 0.265461835991 0.009165020760 753
248 0.263870563023 0.009118362824 752
249 0.262273258087 0.009070384292 751
250 0.260671031687 0.009022865078 750
251 0.259062718811 0.008974445283 749
252 0.257449174096 0.008926973699 748
253 0.255877679492 0.008875665035 747
254 0.254300034700 0.008821857750 746
255 0.252725314028 0.008768277060 745
256 0.251151164785 0.008716414253 744
257 0.249590418631 0.008670372464 743
258 0.248072922244 0.008625448219 742
259 0.246555175247 0.008579422253 741
260 0.245058794925 0.008529729624 740
261 0.243560309940 0.008475800170 739
262 0.242060964358 0.008419373839 738
263 0.240558440910 0.008363506444 737
264 0.239057010291 0.008307634798 736
265 0.237552389701 0.008251201303 735
266 0.236045039694 0.008193231940 734
267 0.234532092999 0.008135985519 733
268 0.233017790939 0.008082020293 732
269 0.231498629998 0.008029081799 731
270 0.229978444952 0.007979214603 730
271 0.228454701104 0.007931311031 729
272 0.226957265449 0.007881485758 728
273 0.225456089552 0.007832607850 727
274 0.223952830723 0.007779937148 726
275 0.222449415777 0.007726485681 725
276 0.220942546392 0.007668903339 724
277 0.219450794357 0.007615044685 723
278 0.217954484043 0.007558644370 722
279 0.216505604671 0.007505960328 721
280 0.215054051093 0.007449320860 720
281 0.213600555996 0.007393185531 719
282 0.212171756584 0.007336664266 718
283 0.210738732182 0.007280637446 717
284 0.209367312779 0.007211024443 716
285 0.207993980627 0.007138771357 715
286 0.206641841363 0.007068013728 714
287 0.205304768750 0.007006207141 713
288 0.203963394571 0.006944959641 712
289 0.202623544814 0.006886820931 711
290 0.201279401824 0.006828182752 710
291 0.199931730892 0.006768617477 709
292 0.198578179876 0.006709751340 708
293 0.197219321223 0.006651983768 707
294 0.195877814519 0.006594877743 706
295 0.194534417283 0.006536904342 705
296 0.193233304882 0.006482518548 704
297 0.191984193882 0.006436311321 703
298 0.190757892145 0.006387720411 702
299 0.189532562852 0.006339115254 701
300 0.188341396258 0.006284058611 700
301 0.187144605450 0.006226332542 699
302 0.185945371627 0.006169126402 698
303 0.184742733106 0.006113605621 697
304 0.183562967104 0.006064467166 696
305 0.182377927615 0.006014416960 695
306 0.181191781784 0.005963759900 694
307 0.180052603471 0.005917478741 693
308 0.178911619120 0.005871237310 692
309 0.177771383637 0.005822317180 691
310 0.176655198797 0.005779399977 690
311 0.175535971000 0.005737049832 689
312 0.174451566048 0.005690650783 688
313 0.173391645326 0.005648743695 687
314 0.172370698567 0.005599851510 686
315 0.171395379691 0.005551852053 685
316 0.170420456700 0.005504479943 684
317 0.169466030907 0.005461617327 683
318 0.168511461492 0.005419016232 682
319 0.167581518151 0.005385403766 681
320 0.166673652445 0.005356793310 680
321 0.165761251006 0.005329593816 679
322 0.164849101107 0.005304256445 678
323 0.163958028031 0.005284928574 677
324 0.163068293486 0.005266589745 676
325 0.162176131133 0.005247380998 675
326 0.161282453849 0.005228915310 674
327 0.160387979178 0.005211055868 673
328 0.159517931753 0.005192944770 672
329 0.158644635582 0.005172899369 671
330 0.157769587631 0.005154321338 670
331 0.156895042385 0.005135682853 669
332 0.156021056426 0.005116099887 668
333 0.155148161483 0.005095886545 667
334 0.154273113906 0.005075645456 666
335 0.153397679258 0.005054824357 665
336 0.152522155938 0.005034199025 664
337 0.151644773669 0.005014487261 663
338 0.150790067138 0.004997800068 662
339 0.149932886790 0.004980708495 661
340 0.149071882378 0.004965684926 660
341 0.148211226820 0.004951702599 659
342 0.147375397331 0.004936593598 658
343 0.146540348830 0.004921969500 657
344 0.145707756343 0.004906234039 656
345 0.144872343969 0.004892379230 655
346 0.144064090886 0.004872782523 654
347 0.143254314972 0.004851436758 653
348 0.142441137672 0.004829801940 652
349 0.141624484757 0.004809103161 651
350 0.140804056993 0.004789676987 650
351 0.139982587362 0.004771172387 649
352 0.139162526522 0.004753954396 648
353 0.138344695601 0.004736732865 647
354 0.137527366844 0.004720233876 646
355 0.136736556958 0.004702921387 645
356 0.135973450635 0.004680288524 644
357 0.135207038677 0.004657937762 643
358 0.134440390675 0.004634913600 642
359 0.133674972875 0.004612141520 641
360 0.132909015605 0.004589894797 640
361 0.132142191673 0.004566968923 639
362 0.131378443208 0.004544263394 638
363 0.130614127063 0.004521726516 637
364 0.129845213618 0.004497844118 636
365 0.129073795476 0.004472072751 635
366 0.128302728085 0.004443989572 634
367 0.127530705817 0.004417116183 633
368 0.126754918717 0.004388809705 632
369 0.125977749615 0.004363404927 631
370 0.125195120795 0.004335610557 630
371 0.124437479981 0.004305708096 629
372 0.123675219663 0.004275296286 628
373 0.122939349109 0.004242289778 627
374 0.122203915539 0.004210504147 626
375 0.121465254707 0.004179836391 625
376 0.120723274902 0.004148338535 624
377 0.120007459136 0.004117672737 623
378 0.119292499193 0.004089099768 622
379 0.118574786340 0.004059153740 621
380 0.117852934663 0.004029200021 620
381 0.117129974666 0.003998269330 619
382 0.116403597726 0.003966564567 618
383 0.115677544464 0.003934250679 617
384 0.114949228596 0.003903131042 616
385 0.114248214580 0.003868892078 615
386 0.113545152864 0.003833979595 614
387 0.112839513525 0.003798423696 613
388 0.112160726556 0.003763364459 612
389 0.111484443355 0.003727486781 611
390 0.110805242583 0.003692850508 610
391 0.110123731995 0.003658282422 609
392 0.109441315096 0.003622930058 608
393 0.108759340326 0.003587940579 607
394 0.108074624752 0.003552698198 606
395 0.107390245285 0.003519980944 605
396 0.106703863252 0.003485576840 604
397 0.106015849715 0.003450261861 603
398 0.105360052337 0.003406445517 602
399 0.104701607817 0.003361382775 601
400 0.104091563053 0.003328903139 600
401 0.103481683298 0.003297199201 599
402 0.102870162101 0.003265110825 598
403 0.102256363362 0.003232365426 597
404 0.101642602417 0.003199511659 596
405 0.101028123935 0.003166363901 595
406 0.100436546052 0.003134015405 594
407 0.099842399522 0.003100895183 593
408 0.099251709339 0.003067790253 592
409 0.098688972927 0.003029208772 591
410 0.098122870537 0.002990093680 590
411 0.097555499460 0.002950072332 589
412 0.096989210064 0.002910104439 588
413 0.096421386387 0.002869115418 587
414 0.095850279636 0.002827625122 586
415 0.095279493532 0.002787093945 585
416 0.094707376686 0.002746769916 584
417 0.094132745671 0.002705787511 583
418 0.093580369865 0.002669652139 582
419 0.093023749972 0.002632994641 581
420 0.092494232783 0.002596595139 580
421 0.091961851339 0.002559166806 579
422 0.091427725247 0.002524565215 578
423 0.090919423002 0.002496422254 577
424 0.090410611463 0.002470495466 576
425 0.089898769929 0.002444125087 575
426 0.089385375315 0.002416995347 574
427 0.088870670080 0.002390354883 573
428 0.088352482534 0.002363144331 572
429 0.087834314292 0.002335830721 571
430 0.087315819848 0.002308256106 570
431 0.086796369438 0.002280133986 569
432 0.086277034385 0.002253952237 568
433 0.085754979773 0.002228337091 567
434 0.085229064716 0.002202380773 566
435 0.084704359154 0.002176369345 565
436 0.084178461231 0.002150019918 564
437 0.083649806922 0.002122655252 563
438 0.083119948712 0.002094607930 562
439 0.082587721891 0.002065782503 561
440 0.082057860869 0.002036966543 560
441 0.081525558831 0.002009229015 559
442 0.080993591080 0.001980958669 558
443 0.080461140576 0.001953281882 557
444 0.079927473637 0.001924678484 556
445 0.079393723429 0.001895289808 555
446 0.078856498402 0.001864720554 554
447 0.078315623274 0.001833477000 553
448 0.077805500730 0.001799684151 552
449 0.077294016379 0.001766095534 551
450 0.076809230345 0.001737934837 550
451 0.076320354515 0.001708642638 549
452 0.075857445176 0.001680135565 548
453 0.075391987058 0.001650978935 547
454 0.074926925744 0.001622593384 546
455 0.074459315353 0.001593306721 545
456 0.074017931155 0.001569029308 544
457 0.073575634278 0.001544742269 543
458 0.073133542284 0.001520143576 542
459 0.072689801832 0.001497661572 541
460 0.072243317687 0.001474551128 540
461 0.071794831894 0.001450807196 539
462 0.071345903550 0.001427223089 538
463 0.070896663438 0.001404375758 537
464 0.070476593421 0.001378983742 536
465 0.070054850511 0.001353135002 535
466 0.069632534172 0.001328475661 534
467 0.069208036790 0.001305403633 533
468 0.068782506543 0.001282841164 532
469 0.068353665398 0.001259249054 531
470 0.067922691205 0.001235097116 530
471 0.067519014274 0.001215754364 529
472 0.067113371128 0.001195930647 528
473 0.066706037373 0.001175640403 527
474 0.066297743717 0.001155972663 526
475 0.065888025417 0.001135653974 525
476 0.065478327443 0.001115377931 524
477 0.065068205045 0.001094975750 523
478 0.064656020843 0.001074110616 522
479 0.064242978111 0.001052927410 521
480 0.063828083889 0.001031284978 520
481 0.063441484230 0.001015648634 519
482 0.063054547751 0.000999571277 518
483 0.062666062198 0.000983995314 517
484 0.062275505641 0.000967969231 516
485 0.061884001057 0.000951814249 515
486 0.061490203769 0.000935193381 514
487 0.061094857011 0.000918134770 513
488 0.060696721515 0.000900568756 512
489 0.060296328887 0.000882483263 511
490 0.059890563783 0.000863482338 510
491 0.059486189408 0.000844631448 509
492 0.059080709629 0.000825490770 508
493 0.058675434005 0.000806252541 507
494 0.058268302866 0.000786782631 506
495 0.057860762399 0.000766912440 505
496 0.057451966015 0.000746993563 504
497 0.057041218711 0.000726473660 503
498 0.056628140329 0.000706766424 502
499 0.056213663202 0.000686815336 501
500 0.055798537103 0.000667535612 500
501 0.055381845114 0.000647831499 499
502 0.054965870618 0.000628053269 498
503 0.054606670396 0.000616953103 497
504 0.054246143288 0.000605579157 496
505 0.053913317442 0.000596501059 495
506 0.053580546784 0.000587123858 494
507 0.053247493265 0.000577791107 493
508 0.052912375695 0.000568245817 492
509 0.052575224168 0.000558526761 491
510 0.052237300837 0.000548637719 490
511 0.051898593006 0.000538518576 489
512 0.051560433863 0.000528210528 488
513 0.051256808921 0.000519656858 487
514 0.050954402661 0.000512106758 486
515 0.050651575993 0.000504392555 485
516 0.050348409094 0.000496367535 484
517 0.050045035135 0.000488275014 483
518 0.049738933372 0.000480562232 482
519 0.049432058596 0.000472749876 481
520 0.049122055184 0.000464532469 480
521 0.048809509171 0.000456017531 479
522 0.048525554898 0.000449282146 478
523 0.048239120645 0.000442453148 477
524 0.047950868964 0.000435384257 476
525 0.047662727650 0.000428185336 475
526 0.047373693329 0.000423678418 474
527 0.047084567154 0.000419133203 473
528 0.046793334910 0.000414362153 472
529 0.046501432506 0.000409381060 471
530 0.046209600522 0.000404274216 470
531 0.045915039783 0.000398764834 469
532 0.045618039261 0.000392884766 468
533 0.045319358000 0.000386691852 467
534 0.045019959077 0.000380339209 466
535 0.044722403747 0.000374109918 465
536 0.044423770452 0.000367572115 464
537 0.044160334340 0.000360649199 463
538 0.043895941462 0.000353740760 462
539 0.043629401789 0.000346609195 461
540 0.043393421108 0.000342960978 460
541 0.043158271723 0.000339295469 459
542 0.042920269437 0.000335285754 458
543 0.042681969200 0.000331414911 457
544 0.042442324030 0.000327392061 456
545 0.042201625474 0.000323235910 455
546 0.041994590936 0.000319921698 454
547 0.041787310064 0.000316520435 453
548 0.041612347546 0.000313732384 452
549 0.041436750583 0.000312279058 451
550 0.041259166822 0.000310703771 450
551 0.041080792043 0.000309057973 449
552 0.040903633805 0.000307668481 448
553 0.040724302819 0.000306221107 447
554 0.040545225654 0.000304801127 446
555 0.040365343647 0.000303310194 445
556 0.040185332623 0.000301763733 444
557 0.040005389141 0.000300205660 443
558 0.039826280269 0.000298865323 442
559 0.039646177291 0.000297506265 441
560 0.039467295975 0.000296171945 440
561 0.039289401790 0.000294907011 439
562 0.039110603845 0.000293524388 438
563 0.038931325741 0.000292214037 437
564 0.038751225261 0.000290832950 436
565 0.038571645025 0.000289373435 435
566 0.038392296852 0.000287951666 434
567 0.038212120280 0.000286458552 433
568 0.038029022150 0.000286326200 432
569 0.037846270684 0.000286258300 431
570 0.037662669213 0.000286122822 430
571 0.037478314845 0.000285936496 429
572 0.037294141559 0.000285865029 428
573 0.037108103598 0.000285611847 427
574 0.036919643958 0.000285142921 426
575 0.036731029188 0.000284565330 425
576 0.036541022464 0.000283936077 424
577 0.036347779960 0.000283079403 423
578 0.036152952217 0.000282169351 422
579 0.035958130415 0.000281222212 421
580 0.035762207709 0.000280260133 420
581 0.035566047250 0.000279333451 419
582 0.035368948225 0.000278324823 418
583 0.035171414980 0.000277271768 417
584 0.034973611109 0.000276247338 416
585 0.034777238560 0.000276177467 415
586 0.034578300684 0.000275914589 414
587 0.034376922203 0.000275684435 413
588 0.034174839612 0.000275313309 412
589 0.033971773650 0.000274858106 411
590 0.033767793489 0.000274372461 410
591 0.033562279218 0.000273757129 409
592 0.033354685878 0.000273300147 408
593 0.033143733881 0.000272825252 407
594 0.032932671465 0.000272233257 406
595 0.032721264262 0.000271620171 405
596 0.032508306082 0.000271008622 404
597 0.032294291038 0.000270302659 403
598 0.032082326945 0.000269638275 402
599 0.031868224943 0.000269974691 401
600 0.031653052431 0.000270220420 400
601 0.031437612229 0.000270366706 399
602 0.031222384856 0.000270452587 398
603 0.031006006540 0.000270528956 397
604 0.030790238625 0.000270551607 396
605 0.030573032166 0.000270596737 395
606 0.030354723135 0.000270547019 394
607 0.030175511293 0.000270956981 393
608 0.029995547035 0.000271366120 392
609 0.029814662243 0.000271712080 391
610 0.029630956406 0.000271872113 390
611 0.029445471425 0.000271923866 389
612 0.029260384272 0.000271908099 388
613 0.029075820418 0.000271969160 387
614 0.028889543211 0.000271979738 386
615 0.028702337072 0.000271964197 385
616 0.028515388934 0.000271960284 384
617 0.028327622176 0.000271885595 383
618 0.028141398967 0.000271746088 382
619 0.027954992120 0.000271574405 381
620 0.027766808183 0.000271292913 380
621 0.027615522047 0.000270435232 379
622 0.027463435455 0.000269526873 378
623 0.027309884171 0.000269794568 377
624 0.027156175742 0.000270084212 376
625 0.027001647534 0.000270327769 375
626 0.026846292972 0.000270524487 374
627 0.026691132660 0.000270570276 373
628 0.026535138152 0.000270567773 372
629 0.026378362529 0.000270516215 371
630 0.026219015258 0.000270443641 370
631 0.026060347133 0.000270380139 369
632 0.025903194865 0.000270366044 368
633 0.025744332548 0.000270315807 367
634 0.025627293388 0.000271363361 366
635 0.025509442793 0.000272413345 365
636 0.025392445720 0.000273493105 364
637 0.025274161886 0.000274424523 363
638 0.025155163238 0.000275268053 362
639 0.025081666797 0.000274391732 361
640 0.025009077279 0.000273636256 360
641 0.024935434058 0.000272799190 359
642 0.024861379423 0.000271946511 358
643 0.024786909916 0.000271077994 357
644 0.024712022040 0.000270193412 356
645 0.024634352243 0.000269083407 355
646 0.024556243633 0.000267954963 354
647 0.024477692482 0.000266807820 353
648 0.024397664209 0.000265574195 352
649 0.024317179934 0.000264320622 351
650 0.024235158394 0.000262973512 350
651 0.024152799952 0.000261511449 349
652 0.024071051731 0.000260101387 348
653 0.023988070350 0.000258582367 347
654 0.023902645277 0.000256977179 346
655 0.023818584362 0.000255511367 345
656 0.023733124013 0.000254033766 344
657 0.023646218778 0.000252543467 343
658 0.023557820821 0.000251039470 342
659 0.023468904401 0.000249510886 341
660 0.023381559798 0.000248096638 340
661 0.023293699888 0.000246658653 339
662 0.023205320097 0.000245196584 338
663 0.023116415797 0.000243710076 337
664 0.023025942406 0.000242207783 336
665 0.022934928875 0.000240680003 335
666 0.022843370352 0.000239126358 334
667 0.022750172305 0.000237554532 333
668 0.022656412824 0.000235955707 332
669 0.022562945738 0.000234464526 331
670 0.022468110942 0.000232852389 330
671 0.022373845763 0.000231205528 329
672 0.022279005797 0.000229530692 328
673 0.022182432638 0.000227833830 327
674 0.022087384666 0.000226161175 326
675 0.021992682493 0.000224516179 325
676 0.021898211819 0.000222939890 324
677 0.021804060914 0.000221389171 323
678 0.021710997588 0.000219954005 322
679 0.021619573279 0.000218480237 321
680 0.021527577567 0.000216980384 320
681 0.021435005079 0.000215454042 319
682 0.021341850375 0.000213900799 318
683 0.021248890328 0.000212410205 317
684 0.021155341927 0.000210892728 316
685 0.021061199567 0.000209347948 315
686 0.020966457575 0.000207775433 314
687 0.020871110202 0.000206174745 313
688 0.020778041886 0.000204621908 312
689 0.020684375059 0.000203041593 311
690 0.020590103931 0.000201433366 310
691 0.020493530496 0.000199653328 309
692 0.020395381172 0.000197784281 308
693 0.020297612906 0.000195878303 307
694 0.020200194129 0.000193935012 306
695 0.020153366049 0.000193899847 305
696 0.020107191161 0.000193854231 304
697 0.020061643785 0.000193797942 303
698 0.020016762410 0.000193797605 302
699 0.019971582819 0.000193793196 301
700 0.019926102031 0.000193784635 300
701 0.019881261793 0.000193829550 299
702 0.019837037472 0.000193925265 298
703 0.019792515345 0.000194017672 297
704 0.019748585671 0.000194158573 296
705 0.019703461862 0.000194244402 295
706 0.019658031088 0.000194326700 294
707 0.019613192631 0.000194458039 293
708 0.019568047062 0.000194586216 292
709 0.019523470995 0.000194761267 291
710 0.019477613418 0.000194938712 290
711 0.019430427322 0.000195117860 289
712 0.019382913544 0.000195293751 288
713 0.019335068661 0.000195466306 287
714 0.019286889197 0.000195635442 286
715 0.019238371632 0.000195801072 285
716 0.019189512395 0.000195963112 284
717 0.019141340465 0.000196117247 283
718 0.019092826891 0.000196267784 282
719 0.019043968024 0.000196414635 281
720 0.018995769044 0.000196553296 280
721 0.018949092794 0.000196733831 279
722 0.018902945438 0.000196959012 278
723 0.018857419437 0.000197176558 277
724 0.018810605529 0.000197396376 276
725 0.018763451156 0.000197613361 275
726 0.018716917592 0.000197822695 274
727 0.018668254111 0.000197928223 273
728 0.018620174046 0.000198024808 272
729 0.018571739147 0.000198117431 271
730 0.018523864048 0.000198258766 270
731 0.018475633000 0.000198396517 269
732 0.018427042019 0.000198530591 268
733 0.018378087061 0.000198660894 267
734 0.018328764020 0.000198787329 266
735 0.018279068730 0.000198909797 265
736 0.018228996961 0.000199028198 264
737 0.018178544417 0.000199142428 263
738 0.018127706740 0.000199252380 262
739 0.018076479502 0.000199357946 261
740 0.018024858208 0.000199398923 260
741 0.017973766420 0.000199430243 259
742 0.017922278572 0.000199456523 258
743 0.017870390040 0.000199477645 257
744 0.017817096065 0.000199433108 256
745 0.017763384098 0.000199382474 255
746 0.017707326366 0.000199333601 254
747 0.017650825489 0.000199277982 253
748 0.017594892131 0.000199277246 252
749 0.017540489311 0.000199325344 251
750 0.017485651268 0.000199367835 250
751 0.017430372759 0.000199404581 249
752 0.017375617749 0.000199491926 248
753 0.017321363103 0.000199627670 247
754 0.017265719801 0.000199704476 246
755 0.017209622268 0.000199775640 245
756 0.017152079737 0.000199783163 244
757 0.017096012101 0.000199897328 243
758 0.017038517873 0.000199950656 242
759 0.016979517402 0.000200000267 241
760 0.016920025261 0.000200043242 240
761 0.016860035278 0.000200079409 239
762 0.016797489074 0.000199985104 238
763 0.016733334817 0.000199883664 237
764 0.016668636879 0.000199773027 236
765 0.016603388320 0.000199652970 235
766 0.016537582082 0.000199523262 234
767 0.016472309766 0.000199382634 233
768 0.016406440272 0.000199161021 232
769 0.016340000480 0.000198928699 231
770 0.016271833340 0.000198610663 230
771 0.016204120569 0.000198278966 229
772 0.016137995890 0.000198009012 228
773 0.016070261741 0.000197729468 227
774 0.016001928175 0.000197438152 226
775 0.015931918824 0.000197135696 225
776 0.015863398160 0.000196818601 224
777 0.015793217669 0.000196490245 223
778 0.015722404922 0.000196148946 222
779 0.015650951335 0.000195794393 221
780 0.015578848170 0.000195426266 220
781 0.015503856389 0.000195043684 219
782 0.015428176610 0.000194646190 218
783 0.015351799322 0.000194233418 217
784 0.015274714837 0.000193804994 216
785 0.015196913287 0.000193360535 215
786 0.015118384619 0.000192899646 214
787 0.015036675275 0.000192335825 213
788 0.014954195089 0.000191753142 212
789 0.014869679969 0.000191147650 211
790 0.014784359944 0.000190521901 210
791 0.014699488581 0.000189879348 209
792 0.014613801147 0.000189216003 208
793 0.014528563159 0.000188618863 207
794 0.014442497619 0.000188001182 206
795 0.014356841275 0.000187446483 205
796 0.014270345163 0.000186871456 204
797 0.014182996872 0.000186275578 203
798 0.014094783747 0.000185658314 202
799 0.014005692880 0.000185019111 201
800 0.013916951183 0.000184440069 200
801 0.013827317610 0.000183839219 199
802 0.013736778647 0.000183215987 198
803 0.013645320507 0.000182569783 197
804 0.013552929120 0.000181899998 196
805 0.013460822871 0.000181287503 195
806 0.013366404133 0.000180643574 194
807 0.013271006963 0.000179974864 193
808 0.013173364069 0.000179197217 192
809 0.013074698736 0.000178392059 191
810 0.012974994821 0.000177558646 190
811 0.012874235838 0.000176696217 189
812 0.012772492156 0.000175722836 188
813 0.012670986594 0.000174809725 187
814 0.012569766006 0.000173875303 186
815 0.012467451142 0.000172909954 185
816 0.012364024160 0.000171912833 184
817 0.012259466828 0.000170883069 183
818 0.012152397790 0.000169724115 182
819 0.012045515922 0.000168539198 181
820 0.011938824344 0.000167415187 180
821 0.011832283612 0.000166348621 179
822 0.011723195317 0.000165153018 178
823 0.011612874387 0.000163919700 177
824 0.011502665631 0.000162658544 176
825 0.011391197347 0.000161358264 175
826 0.011278447818 0.000160017758 174
827 0.011163005320 0.000158623823 173
828 0.011046220467 0.000157186559 172
829 0.010928069710 0.000155704727 171
830 0.010809942970 0.000154278025 170
831 0.010688950732 0.000152791183 169
832 0.010567994395 0.000151272137 168
833 0.010445589479 0.000149705111 167
834 0.010321709805 0.000148088695 166
835 0.010194871682 0.000146315609 165
836 0.010066486753 0.000144488133 164
837 0.009935004980 0.000142586970 163
838 0.009803383830 0.000140736067 162
839 0.009671668106 0.000138845602 161
840 0.009538305935 0.000136802976 160
841 0.009401754400 0.000134679961 159
842 0.009263474365 0.000132492068 158
843 0.009121853081 0.000130116876 157
844 0.008981546913 0.000127907698 156
845 0.008840934215 0.000125741055 155
846 0.008698495377 0.000123505957 154
847 0.008555672647 0.000121308342 153
848 0.008410970670 0.000119040205 152
849 0.008265944062 0.000116722364 151
850 0.008118983765 0.000114330708 150
851 0.007970050848 0.000111862881 149
852 0.007820588369 0.000109425079 148
853 0.007669092386 0.000106908515 147
854 0.007513874647 0.000104284317 146
855 0.007357985826 0.000101681862 145
856 0.007199931883 0.000098993642 144
857 0.007041348407 0.000096245266 143
858 0.006880531360 0.000093406816 142
859 0.006714216814 0.000090333203 141
860 0.006545526346 0.000087159170 140
861 0.006374408677 0.000083881319 139
862 0.006199013825 0.000080461798 138
863 0.006023021309 0.000076874850 137
864 0.005846154640 0.000073204133 136
865 0.005666667725 0.000069415075 135
866 0.005486189526 0.000065535826 134
867 0.005302997370 0.000061531622 133
868 0.005117029576 0.000057398096 132
869 0.004928222578 0.000053130702 131
870 0.004736510857 0.000048724707 130
871 0.004659228908 0.000048325993 129
872 0.004580739428 0.000047908822 128
873 0.004501013893 0.000047472468 127
874 0.004421714371 0.000047050605 126
875 0.004341146057 0.000046609112 125
876 0.004259278254 0.000046147200 124
877 0.004176079268 0.000045664044 123
878 0.004089769406 0.000045122064 122
879 0.004002032936 0.000044555856 121
880 0.003912834190 0.000043964428 120
881 0.003822136307 0.000043346744 119
882 0.003728041079 0.000042660474 118
883 0.003632337387 0.000041944308 117
884 0.003534983630 0.000041197000 116
885 0.003435936765 0.000040417242 115
886 0.003335152235 0.000039603664 114
887 0.003232583909 0.000038754829 113
888 0.003128184005 0.000037869229 112
889 0.003021903022 0.000036945281 111
890 0.002911633821 0.000035931465 110
891 0.002799341331 0.000034874055 109
892 0.002684969352 0.000033771140 108
893 0.002568459578 0.000032620709 107
894 0.002449751506 0.000031420650 106
895 0.002326562327 0.000030111283 105
896 0.002201004124 0.000028745504 104
897 0.002073007898 0.000027320751 103
898 0.001942501943 0.000025834326 102
899 0.001809411710 0.000024283384 101
900 0.001673659674 0.000022664928 100
901 0.001535165172 0.000020975794 99
902 0.001393844251 0.000019212644 98
903 0.001252012592 0.000017439323 97
904 0.001107226107 0.000015587559 96
905 0.000959391486 0.000013653552 95
906 0.000805931657 0.000011561560 94
907 0.000651678071 0.000009449226 93
908 0.000494071146 0.000007241820 92
909 0.000333000333 0.000004934570 91
910 0.000168350168 0.000002522418 90
911 0.000000000000 0.000000000000 89
912 0.000000000000 0.000000000000 88
913 0.000000000000 0.000000000000 87
914 0.000000000000 0.000000000000 86
915 0.000000000000 0.000000000000 85
916 0.000000000000 0.000000000000 84
917 0.000000000000 0.000000000000 83
918 0.000000000000 0.000000000000 82
919 0.000000000000 0.000000000000 81
920 0.000000000000 0.000000000000 80
921 0.000000000000 0.000000000000 79
922 0.000000000000 0.000000000000 78
923 0.000000000000 0.000000000000 77
924 0.000000000000 0.000000000000 76
925 0.000000000000 0.000000000000 75
926 0.000000000000 0.000000000000 74
927 0.000000000000 0.000000000000 73
928 0.000000000000 0.000000000000 72
929 0.000000000000 0.000000000000 71
930 0.000000000000 0.000000000000 70
931 0.000000000000 0.000000000000 69
932 0.000000000000 0.000000000000 68
933 0.000000000000 0.000000000000 67
934 0.000000000000 0.000000000000 66
935 0.000000000000 0.000000000000 65
936 0.000000000000 0.000000000000 64
937 0.000000000000 0.000000000000 63
938 0.000000000000 0.000000000000 62
939 0.000000000000 0.000000000000 61
940 0.000000000000 0.000000000000 60
941 0.000000000000 0.000000000000 59
942 0.000000000000 0.000000000000 58
943 0.000000000000 0.000000000000 57
944 0.000000000000 0.000000000000 56
945 0.000000000000 0.000000000000 55
946 0.000000000000 0.000000000000 54
947 0.000000000000 0.000000000000 53
948 0.000000000000 0.000000000000 52
949 0.000000000000 0.000000000000 51
950 0.000000000000 0.000000000000 50
951 0.000000000000 0.000000000000 49
952 0.000000000000 0.000000000000 48
953 0.000000000000 0.000000000000 47
954 0.000000000000 0.000000000000 46
955 0.000000000000 0.000000000000 45
956 0.000000000000 0.000000000000 44
957 0.000000000000 0.000000000000 43
958 0.000000000000 0.000000000000 42
959 0.000000000000 0.000000000000 41
960 0.000000000000 0.000000000000 40
961 0.000000000000 0.000000000000 39
962 0.000000000000 0.000000000000 38
963 0.000000000000 0.000000000000 37
964 0.000000000000 0.000000000000 36
965 0.000000000000 0.000000000000 35
966 0.000000000000 0.000000000000 34
967 0.000000000000 0.000000000000 33
968 0.000000000000 0.000000000000 32
969 0.000000000000 0.000000000000 31
970 0.000000000000 0.000000000000 30
971 0.000000000000 0.000000000000 29
972 0.000000000000 0.000000000000 28
973 0.000000000000 0.000000000000 27
974 0.000000000000 0.000000000000 26
975 0.000000000000 0.000000000000 25
976 0.000000000000 0.000000000000 24
977 0.000000000000 0.000000000000 23
978 0.000000000000 0.000000000000 22
979 0.000000000000 0.000000000000 21
980 0.000000000000 0.000000000000 20
981 0.000000000000 0.000000000000 19
982 0.000000000000 0.000000000000 18
983 0.000000000000 0.000000000000 17
984 0.000000000000 0.000000000000 16
985 0.000000000000 0.000000000000 15
986 0.000000000000 0.000000000000 14
987 0.000000000000 0.000000000000 13
988 0.000000000000 0.000000000000 12
989 0.000000000000 0.000000000000 11
990 0.000000000000 0.000000000000 10
991 0.000000000000 0.000000000000 9
992 0.000000000000 0.000000000000 8
993 0.000000000000 0.000000000000 7
994 0.000000000000 0.000000000000 6
995 0.000000000000 0.000000000000 5
996 0.000000000000 0.000000000000 4
997 0.000000000000 0.000000000000 3
998 0.000000000000 0.000000000000 2
999 0.000000000000 0.000000000000 1
