1 1.000000000000 0.000000000000 999
2 0.998131206890 0.000003355556 998
3 0.996312001037 0.000006611837 997
4 0.994510524260 0.000010192539 996
5 0.992708514055 0.000013483474 995
6 0.990911754954 0.000016878810 994
7 0.989112674044 0.000020010019 993
8 0.987314521296 0.000023009028 992
9 0.985519681726 0.000026064181 991
10 0.983726196388 0.000029176095 990
11 0.981934352007 0.000032553445 989
12 0.980141987003 0.000035833300 988
13 0.978354365509 0.000039066744 987
14 0.976569828782 0.000042109774 986
15 0.974791912084 0.000045131375 985
16 0.973009862272 0.000048246365 984
17 0.971226998441 0.000051200831 983
18 0.969440324588 0.000054438588 982
19 0.967652683909 0.000057441262 981
20 0.965866610887 0.000060435317 980
21 0.964086064572 0.000063674562 979
22 0.962304353523 0.000066800656 978
23 0.960522434608 0.000069957655 977
24 0.958740082007 0.000073509370 976
25 0.956957782960 0.000077327324 975
26 0.955178557313 0.000080887012 974
27 0.953403456255 0.000084471562 973
28 0.951626027743 0.000088199226 972
29 0.949851345892 0.000092189704 971
30 0.948077847013 0.000096098624 970
31 0.946306278427 0.000100057056 969
32 0.944534440444 0.000104105992 968
33 0.942760884910 0.000108352721 967
34 0.940993884719 0.000112374698 966
35 0.939225982119 0.000116554869 965
36 0.937460289851 0.000120871452 964
37 0.935694925241 0.000125357601 963
38 0.933927309001 0.000130112507 962
39 0.932155624742 0.000134680351 961
40 0.930387351899 0.000139262917 960
41 0.928620893835 0.000143514848 959
42 0.926857147664 0.000147143040 958
43 0.925093537218 0.000150794011 957
44 0.923329287947 0.000154305147 956
45 0.921561039763 0.000157738367 955
46 0.919796442149 0.000161156683 954
47 0.918038339706 0.000164978778 953
48 0.916290360030 0.000168625776 952
49 0.914546312345 0.000172442481 951
50 0.912804352680 0.000176515751 950
51 0.911063152493 0.000181201131 949
52 0.909327724382 0.000185652508 948
53 0.907596613423 0.000190581517 947
54 0.905864326652 0.000196056770 946
55 0.904134416957 0.000201435876 945
56 0.902406247898 0.000206985921 944
57 0.900683493765 0.000212453688 943
58 0.898965738779 0.000218068253 942
59 0.897250008868 0.000223557562 941
60 0.895535738905 0.000229033816 940
61 0.893826235368 0.000234632770 939
62 0.892119182140 0.000240254947 938
63 0.890417526826 0.000245958677 937
64 0.888712230139 0.000251692921 936
65 0.887005312152 0.000257173999 935
66 0.885294343277 0.000262366908 934
67 0.883579686088 0.000267733640 933
68 0.881870893517 0.000273184334 932
69 0.880160415524 0.000278390708 931
70 0.878452989963 0.000283789225 930
71 0.876754475458 0.000289121922 929
72 0.875060987918 0.000294670949 928
73 0.873367653849 0.000300391743 927
74 0.871677091433 0.000306132502 926
75 0.869991705393 0.000311564105 925
76 0.868306430687 0.000316724022 924
77 0.866617637737 0.000321663196 923
78 0.864934807114 0.000326238271 922
79 0.863251627460 0.000330584777 921
80 0.861568148429 0.000335174360 920
81 0.859887404302 0.000340129179 919
82 0.858214819136 0.000345004732 918
83 0.856545913944 0.000349906023 917
84 0.854875328475 0.000355114670 916
85 0.853206085346 0.000360623224 915
86 0.851548478475 0.000366542162 914
87 0.849892792540 0.000372542696 913
88 0.848235670226 0.000378530329 912
89 0.846575517257 0.000384311435 911
90 0.844924765979 0.000390236451 910
91 0.843271230729 0.000395699979 909
92 0.841618513546 0.000400993642 908
93 0.839968237156 0.000405818410 907
94 0.838327537626 0.000410797622 906
95 0.836689476050 0.000415869039 905
96 0.835055489769 0.000420975413 904
97 0.833421821241 0.000425654766 903
98 0.831792279354 0.000430546432 902
99 0.830163600524 0.000435461585 901
100 0.828542013253 0.000440247935 900
101 0.826918067185 0.000444957089 899
102 0.825295025962 0.000449380535 898
103 0.823678918684 0.000453901178 897
104 0.822061925687 0.000458292067 896
105 0.820446995266 0.000462676848 895
106 0.818830265649 0.000467067959 894
107 0.817220135989 0.000471910741 893
108 0.815611579969 0.000476767063 892
109 0.814005947494 0.000481254645 891
110 0.812399044566 0.000485848187 890
111 0.810800577607 0.000489986625 889
112 0.809203454503 0.000494264605 888
113 0.807612839385 0.000498325399 887
114 0.806031417043 0.000502318680 886
115 0.804447848289 0.000506550136 885
116 0.802871147372 0.000511025636 884
117 0.801294868903 0.000515305532 883
118 0.799716767498 0.000519282134 882
119 0.798142835027 0.000523351509 881
120 0.796568689635 0.000527676069 880
121 0.794993402982 0.000532222771 879
122 0.793418789836 0.000537033966 878
123 0.791846281878 0.000541535924 877
124 0.790272210039 0.000546172501 876
125 0.788703189470 0.000550959537 875
126 0.787139346136 0.000555338056 874
127 0.785573437177 0.000559288417 873
128 0.784013238060 0.000562757625 872
129 0.782460205346 0.000567030720 871
130 0.780915646449 0.000570905576 870
131 0.779379168296 0.000575196250 869
132 0.777843667082 0.000579503406 868
133 0.776317288653 0.000584086033 867
134 0.774797969589 0.000589306430 866
135 0.773279607165 0.000594270375 865
136 0.771763233284 0.000599176586 864
137 0.770249446826 0.000604256769 863
138 0.768740977510 0.000609310070 862
139 0.767236265139 0.000614556765 861
140 0.765733827337 0.000619591666 860
141 0.764234662636 0.000624598198 859
142 0.762740091163 0.000629587202 858
143 0.761246112501 0.000634430405 857
144 0.759754623041 0.000638887272 856
145 0.758262534504 0.000643691380 855
146 0.756770110969 0.000648112970 854
147 0.755282777478 0.000652418976 853
148 0.753793980358 0.000656436524 852
149 0.752301689849 0.000660355460 851
150 0.750815929907 0.000664045775 850
151 0.749334918880 0.000668190043 849
152 0.747853897126 0.000672285276 848
153 0.746371820250 0.000676108916 847
154 0.744897400630 0.000679999667 846
155 0.743433066193 0.000683911184 845
156 0.741973976353 0.000688137032 844
157 0.740519089344 0.000691836377 843
158 0.739070118736 0.000695244876 842
159 0.737619735478 0.000698386250 841
160 0.736169490902 0.000701278931 840
161 0.734719931924 0.000703960828 839
162 0.733268919406 0.000706391104 838
163 0.731815811355 0.000708762640 837
164 0.730374253930 0.000711248351 836
165 0.728945055358 0.000713552443 835
166 0.727518541284 0.000715904479 834
167 0.726093447768 0.000718430140 833
168 0.724667176437 0.000720588740 832
169 0.723245493620 0.000722621435 831
170 0.721825142424 0.000724469479 830
171 0.720404788489 0.000726310852 829
172 0.718985829326 0.000728274395 828
173 0.717578261312 0.000730529442 827
174 0.716173661182 0.000732825644 826
175 0.714773798318 0.000735060127 825
176 0.713374296686 0.000737337310 824
177 0.711977286533 0.000739723673 823
178 0.710580502796 0.000742229156 822
179 0.709190846623 0.000744761868 821
180 0.707807424973 0.000747496687 820
181 0.706425090143 0.000749995107 819
182 0.705050975710 0.000752061296 818
183 0.703681897727 0.000754143397 817
184 0.702321826788 0.000756733080 816
185 0.700960657206 0.000759246597 815
186 0.699598826352 0.000761815487 814
187 0.698232394103 0.000764279081 813
188 0.696878381543 0.000766485280 812
189 0.695525406611 0.000768347974 811
190 0.694171975941 0.000770180589 810
191 0.692824748030 0.000772219649 809
192 0.691478824299 0.000774239640 808
193 0.690138996011 0.000776269598 807
194 0.688801649719 0.000778146896 806
195 0.687469000372 0.000779613676 805
196 0.686143662875 0.000781037040 804
197 0.684826129798 0.000782096688 803
198 0.683509733918 0.000783315528 802
199 0.682190716990 0.000784128413 801
200 0.680870722270 0.000784642795 800
201 0.679555293935 0.000785251502 799
202 0.678239286194 0.000785792603 798
203 0.676923674942 0.000786339688 797
204 0.675608635294 0.000786634120 796
205 0.674291643714 0.000786860466 795
206 0.672981409122 0.000787147776 794
207 0.671669387043 0.000787376842 793
208 0.670355630852 0.000787635815 792
209 0.669040738131 0.000787574152 791
210 0.667727980809 0.000787566059 790
211 0.666418347373 0.000787800948 789
212 0.665106095304 0.000787359136 788
213 0.663792911307 0.000786976329 787
214 0.662474988625 0.000786153216 786
215 0.661164329871 0.000785504166 785
216 0.659856594827 0.000784811455 784
217 0.658553449603 0.000784134163 783
218 0.657257524885 0.000783831122 782
219 0.655963900350 0.000783439002 781
220 0.654673195165 0.000783196553 780
221 0.653392135917 0.000782831275 779
222 0.652112092611 0.000782279725 778
223 0.650833899559 0.000781757166 777
224 0.649558066119 0.000780759866 776
225 0.648281996667 0.000779468285 775
226 0.647010681571 0.000778431232 774
227 0.645740595794 0.000777868946 773
228 0.644472927790 0.000777217977 772
229 0.643208338957 0.000777042059 771
230 0.641945604590 0.000777041447 770
231 0.640689456193 0.000776768387 769
232 0.639438285615 0.000776224692 768
233 0.638189499459 0.000775324489 767
234 0.636949785185 0.000774546174 766
235 0.635710231550 0.000774296749 765
236 0.634472054547 0.000774336701 764
237 0.633239612849 0.000774518589 763
238 0.632013514160 0.000774830199 762
239 0.630788441816 0.000775040609 761
240 0.629560030400 0.000774770380 760
241 0.628336405083 0.000774575819 759
242 0.627117004514 0.000774225143 758
243 0.625902782416 0.000774400616 757
244 0.624695587179 0.000774439683 756
245 0.623487585835 0.000774127570 755
246 0.622280005889 0.000773695863 754
247 0.621068958545 0.000773060046 753
248 0.619860312796 0.000772399754 752
249 0.618656557498 0.000771769081 751
250 0.617448284613 0.000770790932 750
251 0.616239038016 0.000769717157 749
252 0.615033460448 0.000768515360 748
253 0.613832497465 0.000767066340 747
254 0.612628914880 0.000765288764 746
255 0.611426014969 0.000763190664 745
256 0.610220669164 0.000760525724 744
257 0.609015787574 0.000757630523 743
258 0.607815262161 0.000754467427 742
259 0.606621141394 0.000750877450 741
260 0.605430765352 0.000747012863 740
261 0.604243819760 0.000743120728 739
262 0.603060867731 0.000739432217 738
263 0.601879024892 0.000735279153 737
264 0.600698118637 0.000731049141 736
265 0.599518148318 0.000726390531 735
266 0.598345128062 0.000721620405 734
267 0.597175669752 0.000716759446 733
268 0.596004776096 0.000711921630 732
269 0.594841280893 0.000707547638 731
270 0.593684863696 0.000703316385 730
271 0.592532217826 0.000699871127 729
272 0.591381523465 0.000696243208 728
273 0.590232045991 0.000692720673 727
274 0.589087219899 0.000688724069 726
275 0.587945506176 0.000684627922 725
276 0.586806300973 0.000680684899 724
277 0.585675353284 0.000677170713 723
278 0.584551077683 0.000673614548 722
279 0.583429921710 0.000670081138 721
280 0.582310794607 0.000666329036 720
281 0.581194773962 0.000662748740 719
282 0.580084191662 0.000659246880 718
283 0.578987517276 0.000655387772 717
284 0.577896555174 0.000651991149 716
285 0.576802520577 0.000648447800 715
286 0.575722807751 0.000645384406 714
287 0.574649689660 0.000642832476 713
288 0.573581945859 0.000640164912 712
289 0.572522007064 0.000637393166 711
290 0.571463167001 0.000634683271 710
291 0.570406071939 0.000632266658 709
292 0.569352262249 0.000629542621 708
293 0.568302738592 0.000627054682 707
294 0.567259517534 0.000624078197 706
295 0.566217593861 0.000621094109 705
296 0.565184687109 0.000618146316 704
297 0.564163065760 0.000615522180 703
298 0.563153019622 0.000613430247 702
299 0.562147081279 0.000611720113 701
300 0.561148932302 0.000609915725 700
301 0.560157456850 0.000608091228 699
302 0.559164762291 0.000606267686 698
303 0.558175273552 0.000604547205 697
304 0.557188312089 0.000602539433 696
305 0.556202487736 0.000600429942 695
306 0.555217578541 0.000597974594 694
307 0.554241320689 0.000595773874 693
308 0.553261706251 0.000593223427 692
309 0.552284475170 0.000590701282 691
310 0.551305551128 0.000587763323 690
311 0.550326070512 0.000584974254 689
312 0.549350886764 0.000582583407 688
313 0.548384081002 0.000580191782 687
314 0.547419260727 0.000577547852 686
315 0.546457051779 0.000574486125 685
316 0.545495280533 0.000571595550 684
317 0.544544702967 0.000569099886 683
318 0.543601276475 0.000566729762 682
319 0.542657829716 0.000564206259 681
320 0.541721608713 0.000562228085 680
321 0.540790135169 0.000560520216 679
322 0.539862641441 0.000558758964 678
323 0.538936957612 0.000556838643 677
324 0.538011229110 0.000554565549 676
325 0.537085675615 0.000552281757 675
326 0.536159097757 0.000549644064 674
327 0.535236027610 0.000547164040 673
328 0.534316122059 0.000544619199 672
329 0.533396581616 0.000542176959 671
330 0.532479989677 0.000539568006 670
331 0.531567271244 0.000537639578 669
332 0.530657575050 0.000535789623 668
333 0.529745004262 0.000533539643 667
334 0.528832508187 0.000531501379 666
335 0.527923843363 0.000529872489 665
336 0.527015221930 0.000528135544 664
337 0.526109851398 0.000526749375 663
338 0.525207625393 0.000525432625 662
339 0.524309492466 0.000523917225 661
340 0.523408294524 0.000522487358 660
341 0.522507055529 0.000520889980 659
342 0.521609131049 0.000519293545 658
343 0.520718533651 0.000517418917 657
344 0.519829775925 0.000515656257 656
345 0.518938295308 0.000514002592 655
346 0.518058989553 0.000512546401 654
347 0.517181609336 0.000511046197 653
348 0.516302746863 0.000509622326 652
349 0.515426265631 0.000508545619 651
350 0.514553075776 0.000507581434 650
351 0.513679828846 0.000506436846 649
352 0.512804027359 0.000505339607 648
353 0.511928767005 0.000504499751 647
354 0.511053234518 0.000503606915 646
355 0.510179396592 0.000502623205 645
356 0.509308878130 0.000502077938 644
357 0.508439807263 0.000501641277 643
358 0.507573697292 0.000501407303 642
359 0.506713383080 0.000500968190 641
360 0.505856338083 0.000500222180 640
361 0.504999485824 0.000499158029 639
362 0.504151926722 0.000498193216 638
363 0.503307852405 0.000497329586 637
364 0.502465828489 0.000496620783 636
365 0.501627225178 0.000495744502 635
366 0.500785568361 0.000494574417 634
367 0.499942839655 0.000493481996 633
368 0.499106571829 0.000492299247 632
369 0.498269403555 0.000491274508 631
370 0.497432366380 0.000490031537 630
371 0.496600331839 0.000488671458 629
372 0.495768509622 0.000487519986 628
373 0.494941444043 0.000486126492 627
374 0.494111571134 0.000484666567 626
375 0.493281897141 0.000483418957 625
376 0.492453821013 0.000482223678 624
377 0.491624118783 0.000480480224 623
378 0.490793305586 0.000478833912 622
379 0.489965846375 0.000477214594 621
380 0.489137393214 0.000475701327 620
381 0.488309077421 0.000473937846 619
382 0.487482737270 0.000472155163 618
383 0.486660107995 0.000470463476 617
384 0.485836134419 0.000468683859 616
385 0.485017066578 0.000466643493 615
386 0.484195173901 0.000464295035 614
387 0.483373769234 0.000462240202 613
388 0.482558907939 0.000460024449 612
389 0.481744604175 0.000458149919 611
390 0.480929388907 0.000456245571 610
391 0.480114476223 0.000454400458 609
392 0.479298447318 0.000452455085 608
393 0.478484295753 0.000450547833 607
394 0.477667508954 0.000448542930 606
395 0.476852558582 0.000446687418 605
396 0.476039613898 0.000444520188 604
397 0.475230319273 0.000442639387 603
398 0.474427878594 0.000440830922 602
399 0.473624398051 0.000439107620 601
400 0.472830658686 0.000437109917 600
401 0.472042245968 0.000435113511 599
402 0.471252906062 0.000433246242 598
403 0.470469201476 0.000431688874 597
404 0.469689159028 0.000430256943 596
405 0.468914661768 0.000429053734 595
406 0.468138943529 0.000427669646 594
407 0.467365548090 0.000426530027 593
408 0.466593127386 0.000425520984 592
409 0.465831147300 0.000424807579 591
410 0.465066408304 0.000424034688 590
411 0.464305667355 0.000423754219 589
412 0.463540735250 0.000423132103 588
413 0.462773177814 0.000422207098 587
414 0.462011145496 0.000421643538 586
415 0.461249831067 0.000421296863 585
416 0.460494248000 0.000421225789 584
417 0.459742676042 0.000420636688 583
418 0.458993654746 0.000419975756 582
419 0.458241910728 0.000419262346 581
420 0.457497464738 0.000418155385 580
421 0.456757094086 0.000417296263 579
422 0.456013995792 0.000416314920 578
423 0.455276693675 0.000415689779 577
424 0.454536880858 0.000415063541 576
425 0.453799066451 0.000414633197 575
426 0.453065368604 0.000414445370 574
427 0.452339111655 0.000414393975 573
428 0.451613688101 0.000414221624 572
429 0.450885820037 0.000414010342 571
430 0.450158653840 0.000413887381 570
431 0.449432460727 0.000413563189 569
432 0.448705421043 0.000412970656 568
433 0.447978879439 0.000412413551 567
434 0.447248417908 0.000411820072 566
435 0.446520032627 0.000410846202 565
436 0.445794161763 0.000409977111 564
437 0.445062534697 0.000408914197 563
438 0.444336956259 0.000408014209 562
439 0.443610732243 0.000407243028 561
440 0.442885238990 0.000406515174 560
441 0.442163789871 0.000405957569 559
442 0.441446674588 0.000404718946 558
443 0.440731809481 0.000403271336 557
444 0.440015752340 0.000401798953 556
445 0.439302438531 0.000400221545 555
446 0.438595293742 0.000399034030 554
447 0.437895617763 0.000397866094 553
448 0.437203594446 0.000396855846 552
449 0.436511024216 0.000396018556 551
450 0.435822982075 0.000395002833 550
451 0.435134278164 0.000393995524 549
452 0.434455314876 0.000393031975 548
453 0.433772184748 0.000391881948 547
454 0.433087988593 0.000390691760 546
455 0.432408274735 0.000389543309 545
456 0.431732811901 0.000388462819 544
457 0.431064142979 0.000387499287 543
458 0.430398146264 0.000386496405 542
459 0.429734702124 0.000385691644 541
460 0.429073883142 0.000385095901 540
461 0.428414543239 0.000384614119 539
462 0.427760344417 0.000384312607 538
463 0.427105306496 0.000384081501 537
464 0.426451240860 0.000384012365 536
465 0.425793935702 0.000383883868 535
466 0.425143344148 0.000383923614 534
467 0.424495290857 0.000383575836 533
468 0.423845346976 0.000383201402 532
469 0.423196377384 0.000382494070 531
470 0.422546673491 0.000381924035 530
471 0.421896600837 0.000381017846 529
472 0.421257393303 0.000380590235 528
473 0.420619691521 0.000380220827 527
474 0.419988395946 0.000380058655 526
475 0.419362049598 0.000379664252 525
476 0.418737499395 0.000379344945 524
477 0.418114321103 0.000379313226 523
478 0.417492450685 0.000379191658 522
479 0.416868429132 0.000379272294 521
480 0.416247474573 0.000379253271 520
481 0.415631599949 0.000379163229 519
482 0.415021278896 0.000378780741 518
483 0.414415656031 0.000378699538 517
484 0.413807792788 0.000378660506 516
485 0.413199230686 0.000378725911 515
486 0.412593913050 0.000378828212 514
487 0.411986212643 0.000378928456 513
488 0.411379660491 0.000378788875 512
489 0.410772359500 0.000378563675 511
490 0.410162536196 0.000378162522 510
491 0.409551035159 0.000377560129 509
492 0.408939241946 0.000376937336 508
493 0.408330716418 0.000376401406 507
494 0.407731201731 0.000375589680 506
495 0.407131284094 0.000374977606 505
496 0.406536656136 0.000374353438 504
497 0.405943414438 0.000373347477 503
498 0.405354491993 0.000372374524 502
499 0.404763210620 0.000371262178 501
500 0.404176823196 0.000370194263 500
501 0.403591940848 0.000369442331 499
502 0.403012729004 0.000368737205 498
503 0.402442143837 0.000367744409 497
504 0.401867717928 0.000366620971 496
505 0.401297721137 0.000365386084 495
506 0.400729242771 0.000364303076 494
507 0.400168298913 0.000363362057 493
508 0.399606743712 0.000362601824 492
509 0.399046350241 0.000361974620 491
510 0.398494076363 0.000361404071 490
511 0.397946681011 0.000360903897 489
512 0.397400372573 0.000360351670 488
513 0.396852274845 0.000359535343 487
514 0.396306015802 0.000358591370 486
515 0.395761292415 0.000357781498 485
516 0.395212924976 0.000357017915 484
517 0.394660920917 0.000356321545 483
518 0.394112244942 0.000355394033 482
519 0.393570469057 0.000354792195 481
520 0.393027069612 0.000354143440 480
521 0.392482097736 0.000353665188 479
522 0.391938826373 0.000353010188 478
523 0.391393099567 0.000352274782 477
524 0.390844952382 0.000351633439 476
525 0.390296258323 0.000351049476 475
526 0.389741999480 0.000350516683 474
527 0.389185170426 0.000349924824 473
528 0.388630865758 0.000349640362 472
529 0.388072560967 0.000349375908 471
530 0.387515891154 0.000348850205 470
531 0.386956756444 0.000348242971 469
532 0.386397064435 0.000347717949 468
533 0.385835083131 0.000347248079 467
534 0.385277435185 0.000346978183 466
535 0.384715820722 0.000346604864 465
536 0.384153622074 0.000346247573 464
537 0.383593327344 0.000345922762 463
538 0.383029083892 0.000345536707 462
539 0.382462406220 0.000345088529 461
540 0.381897294202 0.000344621010 460
541 0.381332284532 0.000344279850 459
542 0.380768611791 0.000343946538 458
543 0.380206674038 0.000343456521 457
544 0.379654488278 0.000342926654 456
545 0.379098078075 0.000342173070 455
546 0.378547644841 0.000341227040 454
547 0.377996563122 0.000340288289 453
548 0.377452743273 0.000338865525 452
549 0.376907084535 0.000337066112 451
550 0.376358933114 0.000335099937 450
551 0.375816883545 0.000333053449 449
552 0.375279960584 0.000330986173 448
553 0.374745050804 0.000328968384 447
554 0.374209791916 0.000327210859 446
555 0.373674037071 0.000325546955 445
556 0.373147151618 0.000323813505 444
557 0.372617914977 0.000322084136 443
558 0.372086227666 0.000320405089 442
559 0.371552247204 0.000318730009 441
560 0.371020025981 0.000316773010 440
561 0.370488845256 0.000314966932 439
562 0.369963013735 0.000313186686 438
563 0.369439206817 0.000311238306 437
564 0.368919981200 0.000309326147 436
565 0.368400085339 0.000307426435 435
566 0.367879810313 0.000305598616 434
567 0.367359754701 0.000304017344 433
568 0.366841791411 0.000302508945 432
569 0.366321517607 0.000301107178 431
570 0.365800350252 0.000299587009 430
571 0.365276659895 0.000298008776 429
572 0.364761178251 0.000296995175 428
573 0.364243568598 0.000296097715 427
574 0.363728040112 0.000294940594 426
575 0.363216353293 0.000293931073 425
576 0.362706851561 0.000293220339 424
577 0.362195002199 0.000292516189 423
578 0.361682609264 0.000291888267 422
579 0.361184837559 0.000290916345 421
580 0.360690011478 0.000289708220 420
581 0.360191147720 0.000288637405 419
582 0.359698915423 0.000287436877 418
583 0.359207750731 0.000286304552 417
584 0.358719881679 0.000285011076 416
585 0.358229584672 0.000283816011 415
586 0.357738476923 0.000282713211 414
587 0.357249601749 0.000281465435 413
588 0.356756741779 0.000280195468 412
589 0.356261295855 0.000278804556 411
590 0.355765086559 0.000277646657 410
591 0.355271214943 0.000276822723 409
592 0.354775201690 0.000276068273 408
593 0.354279585783 0.000275343721 407
594 0.353780873648 0.000274442906 406
595 0.353281430300 0.000273442807 405
596 0.352776089893 0.000272395914 404
597 0.352274357392 0.000271630246 403
598 0.351777825831 0.000270495806 402
599 0.351283473807 0.000269654581 401
600 0.350786573724 0.000268620605 400
601 0.350290836782 0.000267663062 399
602 0.349797406966 0.000266408021 398
603 0.349308601706 0.000265459440 397
604 0.348813787406 0.000264439820 396
605 0.348320216053 0.000263684727 395
606 0.347828084419 0.000263233925 394
607 0.347338141407 0.000262465361 393
608 0.346847262207 0.000261749355 392
609 0.346353867362 0.000260969026 391
610 0.345858052941 0.000260267442 390
611 0.345362242999 0.000259742118 389
612 0.344872545527 0.000259257897 388
613 0.344385377584 0.000258750421 387
614 0.343902469631 0.000258169485 386
615 0.343420678941 0.000257613777 385
616 0.342939559091 0.000256746051 384
617 0.342455317015 0.000255644591 383
618 0.341964787797 0.000254370677 382
619 0.341471159687 0.000253164494 381
620 0.340990332654 0.000251929909 380
621 0.340511388766 0.000250093101 379
622 0.340035712576 0.000248618215 378
623 0.339575980300 0.000247154899 377
624 0.339117391922 0.000245845122 376
625 0.338660150714 0.000244736000 375
626 0.338200012916 0.000243489329 374
627 0.337742630718 0.000242428683 373
628 0.337280980700 0.000241276226 372
629 0.336820472433 0.000240186779 371
630 0.336362870927 0.000239273679 370
631 0.335901025373 0.000238191919 369
632 0.335445615656 0.000237590974 368
633 0.334993060071 0.000237011122 367
634 0.334543164974 0.000236372926 366
635 0.334088919777 0.000235715809 365
636 0.333646563076 0.000235130246 364
637 0.333205270554 0.000234674158 363
638 0.332770787787 0.000234597714 362
639 0.332346439530 0.000234422468 361
640 0.331921692212 0.000234098872 360
641 0.331503412992 0.000233629159 359
642 0.331084701390 0.000233164550 358
643 0.330674566574 0.000232921800 357
644 0.330262000134 0.000232698456 356
645 0.329848803693 0.000232442696 355
646 0.329434820107 0.000232216218 354
647 0.329015052697 0.000231979751 353
648 0.328596620464 0.000231500394 352
649 0.328177705871 0.000231076159 351
650 0.327756236631 0.000230641985 350
651 0.327330441114 0.000230098885 349
652 0.326900255485 0.000229485318 348
653 0.326474974094 0.000228558065 347
654 0.326052669298 0.000227439408 346
655 0.325629794020 0.000226401486 345
656 0.325204682424 0.000225330100 344
657 0.324779164578 0.000224334290 343
658 0.324356790690 0.000223108772 342
659 0.323937767694 0.000222030876 341
660 0.323521680096 0.000220891433 340
661 0.323110858672 0.000219624270 339
662 0.322699377908 0.000218317105 338
663 0.322289372477 0.000216919257 337
664 0.321880714587 0.000215475676 336
665 0.321473806911 0.000214167274 335
666 0.321070096952 0.000212604243 334
667 0.320666078975 0.000211055054 333
668 0.320257642025 0.000209411473 332
669 0.319846632693 0.000207757912 331
670 0.319432911884 0.000206115740 330
671 0.319020695026 0.000204629263 329
672 0.318606116314 0.000203343598 328
673 0.318197133023 0.000202247214 327
674 0.317785758036 0.000201200590 326
675 0.317373784530 0.000200105055 325
676 0.316959366215 0.000198973562 324
677 0.316538407190 0.000197825772 323
678 0.316112883869 0.000196513967 322
679 0.315687039732 0.000195331676 321
680 0.315270279611 0.000194094991 320
681 0.314847262719 0.000192792053 319
682 0.314421792276 0.000191411966 318
683 0.314001378832 0.000190159206 317
684 0.313572422844 0.000188775016 316
685 0.313142806240 0.000187460291 315
686 0.312712811095 0.000186353435 314
687 0.312282502774 0.000185329063 313
688 0.311851468051 0.000184236486 312
689 0.311421836488 0.000183320208 311
690 0.310989413010 0.000182267405 310
691 0.310556450681 0.000181382983 309
692 0.310129018921 0.000180261164 308
693 0.309707027661 0.000179439956 307
694 0.309280369819 0.000178676052 306
695 0.308865341944 0.000177980428 305
696 0.308455938508 0.000177149260 304
697 0.308041870034 0.000176310765 303
698 0.307627154634 0.000175467846 302
699 0.307209476277 0.000174608857 301
700 0.306789027972 0.000173667265 300
701 0.306368054297 0.000172613310 299
702 0.305946476241 0.000171539649 298
703 0.305520065021 0.000170482619 297
704 0.305090974220 0.000169605248 296
705 0.304671578253 0.000168592962 295
706 0.304264455045 0.000167529949 294
707 0.303856590253 0.000166469673 293
708 0.303448053863 0.000165448014 292
709 0.303038877145 0.000164460577 291
710 0.302633278211 0.000163492144 290
711 0.302229131293 0.000162578896 289
712 0.301826917138 0.000161802082 288
713 0.301428572939 0.000161163498 287
714 0.301031492399 0.000160583481 286
715 0.300636131648 0.000159810224 285
716 0.300246638323 0.000158829147 284
717 0.299854287480 0.000157942803 283
718 0.299461313040 0.000157117636 282
719 0.299075130195 0.000156272504 281
720 0.298688408165 0.000155368969 280
721 0.298307991470 0.000154289190 279
722 0.297918446362 0.000153122843 278
723 0.297537276187 0.000151953110 277
724 0.297153370126 0.000150708101 276
725 0.296770857012 0.000149321285 275
726 0.296401774606 0.000147664111 274
727 0.296034384034 0.000145957775 273
728 0.295669134709 0.000144389695 272
729 0.295296873094 0.000142756725 271
730 0.294924050041 0.000141189598 270
731 0.294555642474 0.000139286639 269
732 0.294186755188 0.000137487288 268
733 0.293828787522 0.000135577011 267
734 0.293472389712 0.000133741015 266
735 0.293113504208 0.000132014232 265
736 0.292753967638 0.000130233222 264
737 0.292395884765 0.000128603026 263
738 0.292033005239 0.000126977572 262
739 0.291665118553 0.000125215248 261
740 0.291292378788 0.000123515931 260
741 0.290921043280 0.000121916772 259
742 0.290551484403 0.000120491913 258
743 0.290178865469 0.000118863797 257
744 0.289815033613 0.000117072313 256
745 0.289449272002 0.000115329962 255
746 0.289083628715 0.000113656046 254
747 0.288713063568 0.000111875457 253
748 0.288341740398 0.000110086434 252
749 0.287972675185 0.000108343389 251
750 0.287605145420 0.000106551469 250
751 0.287242435471 0.000104966100 249
752 0.286876585185 0.000103411089 248
753 0.286501189235 0.000101732376 247
754 0.286132498125 0.000099762658 246
755 0.285771232018 0.000098022732 245
756 0.285404796392 0.000096288996 244
757 0.285035376882 0.000094476944 243
758 0.284665258475 0.000092864389 242
759 0.284294356835 0.000091287413 241
760 0.283926169041 0.000089700561 240
761 0.283557373307 0.000088081065 239
762 0.283185374290 0.000086409622 238
763 0.282815081696 0.000084801894 237
764 0.282441683649 0.000083150877 236
765 0.282076800379 0.000081400319 235
766 0.281711031567 0.000079785968 234
767 0.281355795270 0.000078065449 233
768 0.281016050181 0.000076298553 232
769 0.280675789832 0.000074600639 231
770 0.280335070472 0.000073106351 230
771 0.279991483257 0.000071635769 229
772 0.279647324917 0.000070146562 228
773 0.279300142160 0.000068733674 227
774 0.278958484016 0.000067089946 226
775 0.278613851947 0.000065532664 225
776 0.278280649630 0.000063759108 224
777 0.277951594134 0.000062354827 223
778 0.277619526589 0.000061063190 222
779 0.277289341390 0.000059941507 221
780 0.276956133087 0.000058821682 220
781 0.276619601768 0.000057653851 219
782 0.276291339376 0.000056272543 218
783 0.275957765695 0.000054798119 217
784 0.275632152982 0.000052979160 216
785 0.275303510035 0.000051092012 215
786 0.274974376829 0.000049428082 214
787 0.274644529504 0.000047942734 213
788 0.274311564516 0.000046448356 212
789 0.273975366638 0.000044931918 211
790 0.273635854299 0.000043304012 210
791 0.273301728205 0.000041947741 209
792 0.272971860584 0.000040768868 208
793 0.272636280970 0.000039624290 207
794 0.272297405595 0.000038351877 206
795 0.271955124614 0.000037012465 205
796 0.271609042626 0.000035587466 204
797 0.271259540994 0.000034139809 203
798 0.270906264508 0.000032806198 202
799 0.270549137918 0.000031304531 201
800 0.270185734643 0.000029920175 200
801 0.269818736461 0.000028526911 199
802 0.269453467817 0.000027397357 198
803 0.269088167504 0.000026277208 197
804 0.268721731395 0.000025223168 196
805 0.268353415439 0.000024313782 195
806 0.267986306358 0.000023463949 194
807 0.267620804669 0.000022645426 193
808 0.267248599559 0.000021767170 192
809 0.266877645634 0.000021001508 191
810 0.266505463217 0.000020227543 190
811 0.266131638498 0.000019380522 189
812 0.265759010539 0.000018630222 188
813 0.265386460974 0.000017701521 187
814 0.265007291467 0.000016886159 186
815 0.264636669739 0.000016137899 185
816 0.264262016585 0.000015439124 184
817 0.263890291097 0.000014986790 183
818 0.263517166481 0.000014392068 182
819 0.263142354551 0.000013668940 181
820 0.262762930895 0.000013026424 180
821 0.262381825829 0.000012578208 179
822 0.261996323312 0.000012244358 178
823 0.261609285178 0.000011910761 177
824 0.261230011371 0.000011666836 176
825 0.260848994156 0.000011545181 175
826 0.260474048227 0.000011367803 174
827 0.260102829937 0.000011157235 173
828 0.259727202171 0.000010854176 172
829 0.259350098253 0.000010584890 171
830 0.258971575719 0.000010313605 170
831 0.258602110907 0.000009849351 169
832 0.258227948044 0.000009155810 168
833 0.257863417408 0.000008553919 167
834 0.257505793855 0.000007930348 166
835 0.257134906448 0.000007187010 165
836 0.256756324560 0.000006377796 164
837 0.256392528192 0.000005807348 163
838 0.256049721634 0.000005520947 162
839 0.255705809561 0.000005430926 161
840 0.255360456543 0.000005512550 160
841 0.255007890289 0.000005555647 159
842 0.254644561621 0.000005353192 158
843 0.254279355082 0.000005133927 157
844 0.253935892273 0.000004911775 156
845 0.253587953797 0.000004653383 155
846 0.253247293076 0.000004427384 154
847 0.252923444986 0.000004238119 153
848 0.252611165490 0.000004326610 152
849 0.252326238413 0.000004537599 151
850 0.252037339836 0.000004734642 150
851 0.251744334855 0.000005029716 149
852 0.251444100102 0.000005226994 148
853 0.251181552726 0.000005403211 147
854 0.250915702183 0.000005879579 146
855 0.250655651030 0.000006212563 145
856 0.250398319130 0.000006525871 144
857 0.250146893626 0.000006710421 143
858 0.249895120794 0.000007000053 142
859 0.249639804206 0.000007426973 141
860 0.249384195327 0.000007758813 140
861 0.249128019346 0.000008061265 139
862 0.248878518332 0.000008594353 138
863 0.248639129555 0.000009240891 137
864 0.248389597554 0.000009903874 136
865 0.248143366543 0.000010595059 135
866 0.247896913954 0.000011168768 134
867 0.247674993549 0.000011742741 133
868 0.247450023109 0.000012301238 132
869 0.247217919600 0.000012792128 131
870 0.246978805817 0.000013352646 130
871 0.246769644813 0.000013941028 129
872 0.246572070746 0.000014658513 128
873 0.246378456917 0.000015353915 127
874 0.246203818400 0.000015854944 126
875 0.246022802135 0.000016411726 125
876 0.245839031627 0.000016984120 124
877 0.245644950993 0.000017709147 123
878 0.245443802269 0.000018386253 122
879 0.245239038081 0.000018968387 121
880 0.245034635892 0.000019551914 120
881 0.244830647783 0.000020041387 119
882 0.244622738728 0.000020341125 118
883 0.244407209930 0.000020682513 117
884 0.244195674908 0.000021019393 116
885 0.243976705786 0.000021502116 115
886 0.243753829522 0.000022052445 114
887 0.243560665061 0.000022695769 113
888 0.243351918764 0.000023551266 112
889 0.243135395542 0.000024397516 111
890 0.242927004833 0.000025060378 110
891 0.242718401609 0.000025688179 109
892 0.242510324159 0.000026380917 108
893 0.242289978412 0.000027074191 107
894 0.242083135973 0.000027558846 106
895 0.241854927932 0.000027971923 105
896 0.241622185613 0.000028423114 104
897 0.241389512585 0.000029043404 103
898 0.241161098230 0.000029494820 102
899 0.240927956860 0.000029893605 101
900 0.240699303316 0.000030296447 100
901 0.240470531933 0.000030776170 99
902 0.240232356290 0.000031470077 98
903 0.239984362985 0.000032020964 97
904 0.239725876066 0.000032388065 96
905 0.239491089194 0.000032556958 95
906 0.239260901301 0.000032708031 94
907 0.239030840966 0.000032881044 93
908 0.238815975778 0.000032639054 92
909 0.238605640178 0.000032200270 91
910 0.238391148172 0.000031903130 90
911 0.238171925034 0.000031708682 89
912 0.237969161056 0.000031530275 88
913 0.237771707123 0.000031253782 87
914 0.237574544168 0.000030932552 86
915 0.237372569808 0.000030608581 85
916 0.237165666897 0.000030487886 84
917 0.236958302175 0.000029917210 83
918 0.236791504749 0.000029159774 82
919 0.236620541167 0.000028300860 81
920 0.236447387989 0.000027513738 80
921 0.236264478317 0.000026839682 79
922 0.236093222968 0.000025813243 78
923 0.235917759117 0.000024815439 77
924 0.235737718775 0.000023930322 76
925 0.235552498597 0.000023178822 75
926 0.235350745652 0.000022577520 74
927 0.235143358046 0.000021913481 73
928 0.234935386365 0.000021124000 72
929 0.234709386900 0.000020502038 71
930 0.234473049330 0.000019864490 70
931 0.234254760467 0.000018921614 69
932 0.234058227893 0.000018213279 68
933 0.233861228374 0.000016988597 67
934 0.233651611325 0.000015965774 66
935 0.233429231488 0.000015013764 65
936 0.233200591712 0.000014252452 64
937 0.232981015067 0.000013145466 63
938 0.232760321329 0.000011752245 62
939 0.232532507369 0.000010874373 61
940 0.232297155856 0.000009885394 60
941 0.232085678862 0.000008880428 59
942 0.231844797825 0.000008231020 58
943 0.231611105913 0.000007586518 57
944 0.231403021021 0.000007165940 56
945 0.231187773331 0.000006829110 55
946 0.230964084370 0.000006172060 54
947 0.230731815292 0.000005460032 53
948 0.230510816318 0.000004535005 52
949 0.230273159014 0.000003727030 51
950 0.230021291926 0.000003608729 50
951 0.229762375513 0.000003194306 49
952 0.229501776636 0.000002887660 48
953 0.229249208764 0.000002606240 47
954 0.229036142117 0.000002490951 46
955 0.228879586786 0.000002596735 45
956 0.228725695999 0.000002569916 44
957 0.228594775999 0.000002341596 43
958 0.228436803965 0.000002210557 42
959 0.228271308447 0.000002103463 41
960 0.228097630079 0.000001974381 40
961 0.227915234432 0.000001861928 39
962 0.227734085366 0.000001591380 38
963 0.227519921855 0.000001364215 37
964 0.227293652522 0.000001344537 36
965 0.227029507365 0.000001192904 35
966 0.226762739412 0.000001143512 34
967 0.226492952609 0.000001150576 33
968 0.226266056032 0.000001506588 32
969 0.226038581382 0.000001820382 31
970 0.225809431506 0.000001640488 30
971 0.225600917614 0.000001581411 29
972 0.225408726269 0.000001616482 28
973 0.225202575642 0.000001698933 27
974 0.224947805302 0.000001837935 26
975 0.224714501927 0.000001483396 25
976 0.224497211164 0.000001397280 24
977 0.224242156666 0.000001117742 23
978 0.223983636052 0.000000756391 22
979 0.223619659671 0.000000697719 21
980 0.223314525273 0.000000430400 20
981 0.222976879904 0.000000530155 19
982 0.222649768710 0.000000549179 18
983 0.222310005013 0.000000633298 17
984 0.221966920494 0.000000533581 16
985 0.221779124905 0.000000661497 15
986 0.221533862244 0.000000746779 14
987 0.221218023110 0.000000799542 13
988 0.220886051200 0.000000932375 12
989 0.220571568212 0.000000864647 11
990 0.220237493564 0.000000857456 10
991 0.219829582411 0.000000725460 9
992 0.219664510834 0.000000772818 8
993 0.219512388581 0.000000698092 7
994 0.219308943723 0.000000254975 6
995 0.218941436859 0.000000139254 5
996 0.218497201636 0.000000382695 4
997 0.218392941912 0.000000466779 3
998 0.217974028253 0.000000173703 2
999 0.217557251908 0.000000000000 1
