1 1.000000000000 0.000000000000 997
2 0.993105102240 0.001658894915 997
3 0.986362017573 0.003396791659 997
4 0.981233095806 0.003995198224 996
5 0.976223665512 0.004661609417 995
6 0.971428057054 0.005445092908 994
7 0.966667545607 0.006255683140 993
8 0.962235805383 0.006944691849 992
9 0.957951010380 0.007684197726 991
10 0.953771699315 0.008334938515 990
11 0.949733562972 0.008936077945 989
12 0.945761826336 0.009552253210 988
13 0.941834248972 0.010178193610 987
14 0.937978501329 0.010812558706 986
15 0.934242309717 0.011440693515 985
16 0.930550099728 0.012089183009 984
17 0.926926373469 0.012692200743 983
18 0.923374356933 0.013256854112 982
19 0.919856556567 0.013797923469 981
20 0.916394011506 0.014299139089 980
21 0.912988632106 0.014782305525 979
22 0.909618208627 0.015256916466 978
23 0.906263416923 0.015733608918 977
24 0.902983221675 0.016178646436 976
25 0.899747947610 0.016622694013 975
26 0.896543282720 0.017043989002 974
27 0.893384371436 0.017449377297 973
28 0.890249379984 0.017851322593 972
29 0.887146385795 0.018255561887 971
30 0.884062702236 0.018651320162 970
31 0.881022442134 0.019020880453 969
32 0.878027748763 0.019379186185 968
33 0.875053192313 0.019718327225 967
34 0.872086766060 0.020055963904 966
35 0.869124707908 0.020395369283 965
36 0.866182583311 0.020743148571 964
37 0.863283480200 0.021074853901 963
38 0.860423006420 0.021388614952 962
39 0.857581492147 0.021695013544 961
40 0.854763851768 0.021982855222 960
41 0.851964531527 0.022268150670 959
42 0.849176484815 0.022548323396 958
43 0.846407538586 0.022828483506 957
44 0.843665681665 0.023085655499 956
45 0.840939247173 0.023340764684 955
46 0.838244044835 0.023573202988 954
47 0.835583249504 0.023793198222 953
48 0.832989939693 0.023937155194 952
49 0.830412972197 0.024075058363 951
50 0.827854142551 0.024215399043 950
51 0.825309629985 0.024348455490 949
52 0.822776350474 0.024480472559 948
53 0.820254534506 0.024604166191 947
54 0.817744515405 0.024723008547 946
55 0.815244660958 0.024833151679 945
56 0.812754382048 0.024938678535 944
57 0.810269611737 0.025043655464 943
58 0.807812833677 0.025138425387 942
59 0.805362631787 0.025227532712 941
60 0.802919100082 0.025313448599 940
61 0.800499902837 0.025390634904 939
62 0.798088243584 0.025470487675 938
63 0.795679926389 0.025549227801 937
64 0.793276975902 0.025630159683 936
65 0.790879584105 0.025709454574 935
66 0.788486480117 0.025785600012 934
67 0.786101601295 0.025859521788 933
68 0.783729275579 0.025933105994 932
69 0.781362737108 0.026001887253 931
70 0.779005890882 0.026073493981 930
71 0.776659852334 0.026143010896 929
72 0.774330933740 0.026211016144 928
73 0.772010566576 0.026277036370 927
74 0.769696667374 0.026341088418 926
75 0.767386564094 0.026402915981 925
76 0.765087779652 0.026464774859 924
77 0.762794388085 0.026521798884 923
78 0.760502882340 0.026575248703 922
79 0.758221024207 0.026628408542 921
80 0.755947700815 0.026679822914 920
81 0.753684688631 0.026733454026 919
82 0.751438370908 0.026788687182 918
83 0.749196246712 0.026837337275 917
84 0.746961957029 0.026883602060 916
85 0.744731902743 0.026929651274 915
86 0.742512490365 0.026973108785 914
87 0.740299631547 0.027017437181 913
88 0.738090628794 0.027061158591 912
89 0.735889433154 0.027103847585 911
90 0.733717070642 0.027131371688 910
91 0.731545292020 0.027154046865 909
92 0.729377332921 0.027171269420 908
93 0.727211538066 0.027188528343 907
94 0.725051542583 0.027203379521 906
95 0.722895931187 0.027217588431 905
96 0.720742884115 0.027229456622 904
97 0.718599119196 0.027241551126 903
98 0.716464008756 0.027254476745 902
99 0.714338529702 0.027268783615 901
100 0.712224511155 0.027279540536 900
101 0.710113701850 0.027288589762 899
102 0.708005652325 0.027295263612 898
103 0.705915844097 0.027301725188 897
104 0.703828868023 0.027307731640 896
105 0.701750302409 0.027313561492 895
106 0.699680186837 0.027321960226 894
107 0.697618364285 0.027331225649 893
108 0.695560102095 0.027338762962 892
109 0.693509726288 0.027343692141 891
110 0.691462602772 0.027346941847 890
111 0.689426402444 0.027352932849 889
112 0.687391572003 0.027360158575 888
113 0.685370672536 0.027371874801 887
114 0.683355241736 0.027389316603 886
115 0.681342946228 0.027406123215 885
116 0.679334524402 0.027421127203 884
117 0.677334541640 0.027436785993 883
118 0.675336210122 0.027450400154 882
119 0.673338493965 0.027463521089 881
120 0.671358712000 0.027473779926 880
121 0.669380270696 0.027482378065 879
122 0.667404624978 0.027490273423 878
123 0.665437664618 0.027498573791 877
124 0.663476462943 0.027505305300 876
125 0.661525922472 0.027512955020 875
126 0.659587117083 0.027519649767 874
127 0.657650890656 0.027524435472 873
128 0.655716148010 0.027529482538 872
129 0.653785819329 0.027534686758 871
130 0.651866223632 0.027539963857 870
131 0.649954518841 0.027546595591 869
132 0.648055776213 0.027555530600 868
133 0.646172020648 0.027568628188 867
134 0.644316187494 0.027574598880 866
135 0.642460366082 0.027581152634 865
136 0.640606379398 0.027589547810 864
137 0.638775798208 0.027592043122 863
138 0.636954357884 0.027595292527 862
139 0.635134267164 0.027598661341 861
140 0.633320584684 0.027602467888 860
141 0.631522252256 0.027607464132 859
142 0.629724834939 0.027612268140 858
143 0.627934554725 0.027618676060 857
144 0.626142810146 0.027623865255 856
145 0.624353141629 0.027628244910 855
146 0.622565683406 0.027630319276 854
147 0.620788228372 0.027634828023 853
148 0.619011412281 0.027638323240 852
149 0.617237636207 0.027643191660 851
150 0.615488372438 0.027620776535 850
151 0.613740729299 0.027595446450 849
152 0.611995436023 0.027567142451 848
153 0.610249673134 0.027538064313 847
154 0.608510708394 0.027511017068 846
155 0.606778259805 0.027484954523 845
156 0.605047863336 0.027459632008 844
157 0.603324954843 0.027433294649 843
158 0.601603974918 0.027407689920 842
159 0.599883328919 0.027381451772 841
160 0.598178811296 0.027356935397 840
161 0.596473433838 0.027330973903 839
162 0.594769762566 0.027303242297 838
163 0.593066884604 0.027274704414 837
164 0.591400950928 0.027244637382 836
165 0.589755129704 0.027213068522 835
166 0.588110477402 0.027181683257 834
167 0.586466991277 0.027150189123 833
168 0.584823294400 0.027117814326 832
169 0.583181753329 0.027082713443 831
170 0.581540960377 0.027046243679 830
171 0.579900827796 0.027008576538 829
172 0.578265328724 0.026969620805 828
173 0.576648910021 0.026917956239 827
174 0.575033789680 0.026866662536 826
175 0.573418552919 0.026814184737 825
176 0.571805147173 0.026760370507 824
177 0.570198940994 0.026708448613 823
178 0.568599122731 0.026658306709 822
179 0.566999555511 0.026608883768 821
180 0.565401359570 0.026558817300 820
181 0.563803462909 0.026508711423 819
182 0.562215151414 0.026459636436 818
183 0.560635562257 0.026413284509 817
184 0.559070485417 0.026372339901 816
185 0.557512195427 0.026332688584 815
186 0.555954951914 0.026291778427 814
187 0.554397201582 0.026249804012 813
188 0.552840175907 0.026207856624 812
189 0.551285539628 0.026164168721 811
190 0.549731363708 0.026121277418 810
191 0.548187158359 0.026078596302 809
192 0.546652118063 0.026035743307 808
193 0.545115947427 0.025992079801 807
194 0.543579458816 0.025945876728 806
195 0.542042534103 0.025897619260 805
196 0.540518555353 0.025850913860 804
197 0.539010464153 0.025806104653 803
198 0.537504054619 0.025760291184 802
199 0.536008405020 0.025713012417 801
200 0.534512174686 0.025665614753 800
201 0.533022353257 0.025618516577 799
202 0.531533146195 0.025569996707 798
203 0.530044446644 0.025520850315 797
204 0.528556909014 0.025469928511 796
205 0.527069089616 0.025417623334 795
206 0.525579306395 0.025364330351 794
207 0.524088832558 0.025311378267 793
208 0.522598213109 0.025258238804 792
209 0.521105714669 0.025204310850 791
210 0.519612727168 0.025150514054 790
211 0.518120353468 0.025094332283 789
212 0.516627426921 0.025037023718 788
213 0.515136142240 0.024978713346 787
214 0.513646035851 0.024918094350 786
215 0.512163379827 0.024859444857 785
216 0.510689508934 0.024801969020 784
217 0.509215290842 0.024741345229 783
218 0.507752093886 0.024679187208 782
219 0.506294784651 0.024618039397 781
220 0.504837627537 0.024556528004 780
221 0.503380578141 0.024494251201 779
222 0.501922937593 0.024431131041 778
223 0.500463810520 0.024367920209 777
224 0.499005702383 0.024303551489 776
225 0.497547041348 0.024238150295 775
226 0.496090105421 0.024171702906 774
227 0.494633387618 0.024105667092 773
228 0.493183766028 0.024042132911 772
229 0.491732468080 0.023978444402 771
230 0.490280012185 0.023914127824 770
231 0.488836222025 0.023851256057 769
232 0.487399629962 0.023789743747 768
233 0.485969033217 0.023729057962 767
234 0.484545357120 0.023670387356 766
235 0.483122331650 0.023610774888 765
236 0.481698024511 0.023549709229 764
237 0.480273550416 0.023487350702 763
238 0.478857432645 0.023426305021 762
239 0.477440838402 0.023365033656 761
240 0.476023507500 0.023302647159 760
241 0.474605661609 0.023240297722 759
242 0.473186432395 0.023178023361 758
243 0.471767566305 0.023115729599 757
244 0.470364919434 0.023054321048 756
245 0.468968004117 0.022994050195 755
246 0.467585264477 0.022925415145 754
247 0.466200054295 0.022856704783 753
248 0.464812779990 0.022786595012 752
249 0.463424326099 0.022715771827 751
250 0.462035793902 0.022643343562 750
251 0.460645669457 0.022570247951 749
252 0.459263960474 0.022498243783 748
253 0.457887745476 0.022427841475 747
254 0.456511048473 0.022356734035 746
255 0.455132960898 0.022284674746 745
256 0.453753240723 0.022211484817 744
257 0.452374469055 0.022137055259 743
258 0.450994846104 0.022062648472 742
259 0.449614582355 0.021986366924 741
260 0.448233648328 0.021910104537 740
261 0.446859140622 0.021835311609 739
262 0.445493171513 0.021761826681 738
263 0.444126235331 0.021686165750 737
264 0.442757890933 0.021609042453 736
265 0.441396267759 0.021531897374 735
266 0.440041557713 0.021455839147 734
267 0.438705460596 0.021379352859 733
268 0.437369034948 0.021302171019 732
269 0.436053199049 0.021220367418 731
270 0.434751235302 0.021144075887 730
271 0.433460970669 0.021062787002 729
272 0.432169032369 0.020980673090 728
273 0.430876630530 0.020898289073 727
274 0.429590604530 0.020816331087 726
275 0.428303009842 0.020732871940 725
276 0.427023667319 0.020653015208 724
277 0.425768394305 0.020565417655 723
278 0.424520598237 0.020479812712 722
279 0.423270495794 0.020394194304 721
280 0.422035188473 0.020313478832 720
281 0.420800559622 0.020232189595 719
282 0.419572992982 0.020152383904 718
283 0.418353683351 0.020073186853 717
284 0.417132720743 0.019992789971 716
285 0.415909995160 0.019912140174 715
286 0.414704039302 0.019833624299 714
287 0.413497544358 0.019754812494 713
288 0.412300567235 0.019674042488 712
289 0.411111203038 0.019594342581 711
290 0.409920706210 0.019514855065 710
291 0.408729076618 0.019433613446 709
292 0.407551751125 0.019356887536 708
293 0.406373821190 0.019280173266 707
294 0.405202219362 0.019205734246 706
295 0.404037382561 0.019133413837 705
296 0.402872275999 0.019060122275 704
297 0.401713765567 0.018988863475 703
298 0.400553390804 0.018916568090 702
299 0.399392415566 0.018843829518 701
300 0.398246730804 0.018773982259 700
301 0.397114778594 0.018709434393 699
302 0.395980646655 0.018644199231 698
303 0.394846695376 0.018578314868 697
304 0.393720213631 0.018513069911 696
305 0.392601448202 0.018449995594 695
306 0.391481661779 0.018386557601 694
307 0.390361512761 0.018322212098 693
308 0.389239590599 0.018257750603 692
309 0.388116668168 0.018192073755 691
310 0.386992745729 0.018124966954 690
311 0.385868279381 0.018057333664 689
312 0.384743205112 0.017989475166 688
313 0.383616723080 0.017921744392 687
314 0.382504145500 0.017858797306 686
315 0.381389865806 0.017795371169 685
316 0.380274089519 0.017730574039 684
317 0.379177572112 0.017665145319 683
318 0.378099500616 0.017600116194 682
319 0.377019939614 0.017535065966 681
320 0.375952885437 0.017464267859 680
321 0.374885751910 0.017392978303 679
322 0.373816460965 0.017320774787 678
323 0.372745723277 0.017248007475 677
324 0.371672844516 0.017175256657 676
325 0.370599292543 0.017102440004 675
326 0.369533255222 0.017030812003 674
327 0.368474169500 0.016960829921 673
328 0.367422527315 0.016893233380 672
329 0.366369213075 0.016825398645 671
330 0.365322767389 0.016759722036 670
331 0.364287237260 0.016693211795 669
332 0.363250823547 0.016626636814 668
333 0.362213150595 0.016559230149 667
334 0.361173141651 0.016491149533 666
335 0.360132577498 0.016422882479 665
336 0.359091147182 0.016354432967 664
337 0.358048171918 0.016285264354 663
338 0.357011996294 0.016219042682 662
339 0.355982249746 0.016154971087 661
340 0.354951693074 0.016090310523 660
341 0.353919289915 0.016024935653 659
342 0.352885244572 0.015958937110 658
343 0.351860671695 0.015890622732 657
344 0.350843386634 0.015824572657 656
345 0.349825066125 0.015758996269 655
346 0.348813781502 0.015694637324 654
347 0.347801394395 0.015629449939 653
348 0.346787973513 0.015563682818 652
349 0.345773477393 0.015497840063 651
350 0.344757609545 0.015431365828 650
351 0.343740559879 0.015363915621 649
352 0.342722241795 0.015295353576 648
353 0.341702661514 0.015226444042 647
354 0.340681351447 0.015157485676 646
355 0.339659281632 0.015088151391 645
356 0.338649009618 0.015015602740 644
357 0.337635930654 0.014943198264 643
358 0.336622195672 0.014869883833 642
359 0.335607588852 0.014795772869 641
360 0.334598522204 0.014723323417 640
361 0.333587894868 0.014650431563 639
362 0.332607649488 0.014576850293 638
363 0.331626054927 0.014502868408 637
364 0.330642431465 0.014428470802 636
365 0.329674578183 0.014359056146 635
366 0.328704542665 0.014288670433 634
367 0.327733072484 0.014217730483 633
368 0.326769535816 0.014149379067 632
369 0.325804348823 0.014080174370 631
370 0.324838240790 0.014011036863 630
371 0.323878672267 0.013943721494 629
372 0.322917408859 0.013876627905 628
373 0.321963235248 0.013812019834 627
374 0.321006996921 0.013746168667 626
375 0.320048633919 0.013680040788 625
376 0.319087890028 0.013612785364 624
377 0.318125549717 0.013544832670 623
378 0.317174573698 0.013473234942 622
379 0.316221901345 0.013402289802 621
380 0.315266681002 0.013330744863 620
381 0.314310279950 0.013258501506 619
382 0.313360025105 0.013189246833 618
383 0.312417383214 0.013121732187 617
384 0.311473677107 0.013053720652 616
385 0.310536768764 0.012987604254 615
386 0.309598244952 0.012920916483 614
387 0.308658096918 0.012854022443 613
388 0.307724721086 0.012789457334 612
389 0.306789933248 0.012724396047 611
390 0.305854569870 0.012658779249 610
391 0.304917748913 0.012593270733 609
392 0.303979030896 0.012527159558 608
393 0.303047356346 0.012463319633 607
394 0.302114445531 0.012398972355 606
395 0.301178414391 0.012333535606 605
396 0.300240988138 0.012267797583 604
397 0.299311361206 0.012204621656 603
398 0.298380217189 0.012141552100 602
399 0.297447039287 0.012078138688 601
400 0.296530594965 0.012018165744 600
401 0.295612416164 0.011957191157 599
402 0.294691481746 0.011896258916 598
403 0.293780204673 0.011833649963 597
404 0.292876670806 0.011773218201 596
405 0.291985267048 0.011709730037 595
406 0.291091550745 0.011645060356 594
407 0.290196966526 0.011580785976 593
408 0.289300680732 0.011515320373 592
409 0.288420729472 0.011455385749 591
410 0.287538673837 0.011394990149 590
411 0.286654763789 0.011334369419 589
412 0.285768917522 0.011272975686 588
413 0.284881925785 0.011210754761 587
414 0.283992912047 0.011147955015 586
415 0.283102632790 0.011084725619 585
416 0.282211166997 0.011021544443 584
417 0.281326360272 0.010960259213 583
418 0.280439476607 0.010898516066 582
419 0.279549844973 0.010836687388 581
420 0.278658506401 0.010773780011 580
421 0.277765255278 0.010710255774 579
422 0.276869662347 0.010646249571 578
423 0.275972302154 0.010582172237 577
424 0.275073214891 0.010517542058 576
425 0.274171605487 0.010452488838 575
426 0.273268006425 0.010386895421 574
427 0.272372394009 0.010323539620 573
428 0.271474777770 0.010260170036 572
429 0.270575088473 0.010196285106 571
430 0.269673849909 0.010132018762 570
431 0.268770221148 0.010067414142 569
432 0.267874068034 0.010004876352 568
433 0.266975020132 0.009942377675 567
434 0.266074903851 0.009879663712 566
435 0.265181009165 0.009818941720 565
436 0.264294684374 0.009760573496 564
437 0.263406910666 0.009702379186 563
438 0.262527205572 0.009646216008 562
439 0.261645838300 0.009590002008 561
440 0.260762172827 0.009533505920 560
441 0.259886420050 0.009479878652 559
442 0.259038034135 0.009432204315 558
443 0.258197411111 0.009385626291 557
444 0.257354630465 0.009339004982 556
445 0.256518748042 0.009294165875 555
446 0.255680596673 0.009248991787 554
447 0.254839020585 0.009203458772 553
448 0.253995940837 0.009157955153 552
449 0.253151265587 0.009112183457 551
450 0.252304313222 0.009067099335 550
451 0.251454981127 0.009021866236 549
452 0.250613507064 0.008978345839 548
453 0.249770362655 0.008934864994 547
454 0.248924885399 0.008891535598 546
455 0.248086848499 0.008850503755 545
456 0.247247699119 0.008808986059 544
457 0.246417198502 0.008769802788 543
458 0.245584204256 0.008731129122 542
459 0.244759594801 0.008694764107 541
460 0.243934191055 0.008657951838 540
461 0.243106538498 0.008620770484 539
462 0.242277789392 0.008582975043 538
463 0.241447324924 0.008544389465 537
464 0.240614479138 0.008505939030 536
465 0.239779832739 0.008467179245 535
466 0.238943097328 0.008427776628 534
467 0.238104440352 0.008388454139 533
468 0.237264128530 0.008348551288 532
469 0.236431691729 0.008310650147 531
470 0.235596921827 0.008272721438 530
471 0.234760237456 0.008233977346 529
472 0.233931759891 0.008197228999 528
473 0.233101816610 0.008160116040 527
474 0.232280427875 0.008123912473 526
475 0.231467291651 0.008090345798 525
476 0.230652539045 0.008057172408 524
477 0.229850556910 0.008020947730 523
478 0.229046457206 0.007983998555 522
479 0.228240609173 0.007947262198 521
480 0.227444249212 0.007907795305 520
481 0.226645984908 0.007867621501 519
482 0.225856296020 0.007829618186 518
483 0.225064784883 0.007791838532 517
484 0.224271484992 0.007753823380 516
485 0.223476801822 0.007716036844 515
486 0.222691085554 0.007680347496 514
487 0.221903114087 0.007644426059 513
488 0.221123985240 0.007607562875 512
489 0.220343154586 0.007570950666 511
490 0.219561082256 0.007534408108 510
491 0.218777616475 0.007497289581 509
492 0.217992428225 0.007460221326 508
493 0.217216615799 0.007424278413 507
494 0.216475757156 0.007386230240 506
495 0.215733855537 0.007348070910 505
496 0.214989555984 0.007309671913 504
497 0.214253629382 0.007272736017 503
498 0.213525988969 0.007237369969 502
499 0.212796319110 0.007201681139 501
500 0.212074980309 0.007167799148 500
501 0.211352075586 0.007133954043 499
502 0.210627787358 0.007100009297 498
503 0.209900154995 0.007065772746 497
504 0.209170471238 0.007031447581 496
505 0.208439134490 0.006996522954 495
506 0.207705785725 0.006961677242 494
507 0.206971060658 0.006926440660 493
508 0.206234954945 0.006891249594 492
509 0.205497310437 0.006856090544 491
510 0.204758204737 0.006820796062 490
511 0.204028480872 0.006786976765 489
512 0.203296487904 0.006752690822 488
513 0.202562279539 0.006718620742 487
514 0.201836831885 0.006686638618 486
515 0.201124772983 0.006648963070 485
516 0.200410868904 0.006611051726 484
517 0.199695193779 0.006573030398 483
518 0.198988844178 0.006537296234 482
519 0.198294219761 0.006500270828 481
520 0.197596614723 0.006463076135 480
521 0.196897052517 0.006425772440 479
522 0.196195342946 0.006388541268 478
523 0.195490454885 0.006350899478 477
524 0.194783202608 0.006313514715 476
525 0.194074337211 0.006275718350 475
526 0.193362798480 0.006238164224 474
527 0.192649439013 0.006200381778 473
528 0.191933744640 0.006161834680 472
529 0.191215940207 0.006122727709 471
530 0.190507045577 0.006085254551 470
531 0.189796161959 0.006047524263 469
532 0.189083042967 0.006009150696 468
533 0.188368224072 0.005970764417 467
534 0.187651511882 0.005931950282 466
535 0.186932765005 0.005892364161 465
536 0.186212060065 0.005852429170 464
537 0.185489732778 0.005812020017 463
538 0.184765541050 0.005771701638 462
539 0.184038549078 0.005730488978 461
540 0.183308582108 0.005688429923 460
541 0.182575811764 0.005646945105 459
542 0.181853331742 0.005606370052 458
543 0.181129013152 0.005566028594 457
544 0.180426245956 0.005530893423 456
545 0.179721005982 0.005495782034 455
546 0.179013238630 0.005459931355 454
547 0.178303650015 0.005423780994 453
548 0.177591491387 0.005386789792 452
549 0.176888067340 0.005352349643 451
550 0.176182925361 0.005317725143 450
551 0.175475286705 0.005282691151 449
552 0.174790393086 0.005249909745 448
553 0.174103182391 0.005216625139 447
554 0.173414112268 0.005183495162 446
555 0.172722479236 0.005150001107 445
556 0.172055271297 0.005117105271 444
557 0.171385603513 0.005083453270 443
558 0.170713279990 0.005049629027 442
559 0.170038182203 0.005015264267 441
560 0.169372102397 0.004982418893 440
561 0.168703810354 0.004949126134 439
562 0.168045408269 0.004916723702 438
563 0.167397297597 0.004887041450 437
564 0.166758927617 0.004859705734 436
565 0.166117784835 0.004832072740 435
566 0.165474449175 0.004804284966 434
567 0.164828323855 0.004776598741 433
568 0.164179906019 0.004748277620 432
569 0.163530100154 0.004719883462 431
570 0.162877516530 0.004691171412 430
571 0.162222761505 0.004662768937 429
572 0.161596869922 0.004627315420 428
573 0.160968824267 0.004591586334 427
574 0.160350868995 0.004557992917 426
575 0.159731133321 0.004524214894 425
576 0.159108416603 0.004490080973 424
577 0.158483681847 0.004455581331 423
578 0.157856957006 0.004420753574 422
579 0.157240740153 0.004388023275 421
580 0.156637129299 0.004353554593 420
581 0.156031413417 0.004319066234 419
582 0.155423381554 0.004284456170 418
583 0.154812946761 0.004249501883 417
584 0.154213183513 0.004215167524 416
585 0.153611034394 0.004180891150 415
586 0.153007234218 0.004146793774 414
587 0.152413950804 0.004114916255 413
588 0.151818441618 0.004082759331 412
589 0.151220618343 0.004050582392 411
590 0.150620817538 0.004017983133 410
591 0.150018955213 0.003985061753 409
592 0.149415272691 0.003952064308 408
593 0.148809067553 0.003919237748 407
594 0.148200069467 0.003885822221 406
595 0.147589462937 0.003852411304 405
596 0.146976864829 0.003818504740 404
597 0.146378097895 0.003781944902 403
598 0.145802477664 0.003749303671 402
599 0.145223963765 0.003716002635 401
600 0.144642964135 0.003682366477 400
601 0.144059380803 0.003648350794 399
602 0.143486915180 0.003616614967 398
603 0.142911707852 0.003584934952 397
604 0.142334429180 0.003552873090 396
605 0.141754755625 0.003520543159 395
606 0.141173181502 0.003488034324 394
607 0.140588830341 0.003455279286 393
608 0.140001250830 0.003422878215 392
609 0.139411756399 0.003390180074 391
610 0.138819893271 0.003357723046 390
611 0.138225607943 0.003324883336 389
612 0.137643100981 0.003294764283 388
613 0.137072479177 0.003267040680 387
614 0.136514050884 0.003240851957 386
615 0.135953253075 0.003214428278 385
616 0.135390611945 0.003187457481 384
617 0.134824701689 0.003160205725 383
618 0.134256912365 0.003132780296 382
619 0.133686744266 0.003104879282 381
620 0.133142373599 0.003082230639 380
621 0.132609768619 0.003061987301 379
622 0.132075567161 0.003041649046 378
623 0.131568126310 0.003023519701 377
624 0.131058437204 0.003005166525 376
625 0.130546459630 0.002986193635 375
626 0.130032218071 0.002967011228 374
627 0.129514873407 0.002947688723 373
628 0.128995189776 0.002928088797 372
629 0.128474109326 0.002908311244 371
630 0.127951291722 0.002888872329 370
631 0.127426236810 0.002869135523 369
632 0.126899026134 0.002849173528 368
633 0.126368584874 0.002829160333 367
634 0.125836395030 0.002808904968 366
635 0.125301738332 0.002788868826 365
636 0.124779245256 0.002771063834 364
637 0.124254986921 0.002753251232 363
638 0.123728552398 0.002734975558 362
639 0.123214232767 0.002718671878 361
640 0.122698553320 0.002701940917 360
641 0.122195750310 0.002687424770 359
642 0.121690889051 0.002672487426 358
643 0.121202719845 0.002653196058 357
644 0.120712348171 0.002633822493 356
645 0.120219768291 0.002614034521 355
646 0.119724749027 0.002593978772 354
647 0.119227299655 0.002573745624 353
648 0.118743303214 0.002555364645 352
649 0.118257077760 0.002537125810 351
650 0.117767298613 0.002518477961 350
651 0.117275143763 0.002499787570 349
652 0.116780860442 0.002481138681 348
653 0.116299729738 0.002464247556 347
654 0.115831978237 0.002449933185 346
655 0.115362623670 0.002435797942 345
656 0.114891919705 0.002421543776 344
657 0.114419732198 0.002407195947 343
658 0.113945143127 0.002392399901 342
659 0.113468063422 0.002377257392 341
660 0.113005092247 0.002362654469 340
661 0.112539555184 0.002347802560 339
662 0.112072073885 0.002332386064 338
663 0.111602566298 0.002316806762 337
664 0.111130568045 0.002300929711 336
665 0.110656664561 0.002284555092 335
666 0.110196100575 0.002270090176 334
667 0.109733143270 0.002255435860 333
668 0.109268124240 0.002240359044 332
669 0.108800292539 0.002225166289 331
670 0.108330136986 0.002209520849 330
671 0.107857306899 0.002193960651 329
672 0.107383042700 0.002178802391 328
673 0.106906483845 0.002163304467 327
674 0.106427931366 0.002147701921 326
675 0.105946377774 0.002131804108 325
676 0.105461793984 0.002115625953 324
677 0.104974762880 0.002099285486 323
678 0.104485916548 0.002082646402 322
679 0.103995304166 0.002065509707 321
680 0.103535936996 0.002049764324 320
681 0.103075143324 0.002033819730 319
682 0.102612130895 0.002017324043 318
683 0.102163082918 0.002000206904 317
684 0.101711661087 0.001982591186 316
685 0.101258629060 0.001964869498 315
686 0.100802686540 0.001946695464 314
687 0.100345139549 0.001928281853 313
688 0.099884998540 0.001909502524 312
689 0.099422290019 0.001890673081 311
690 0.098956710048 0.001871479352 310
691 0.098488780205 0.001851970994 309
692 0.098018627303 0.001832524686 308
693 0.097545264480 0.001812949579 307
694 0.097069006601 0.001793681455 306
695 0.096590323431 0.001774216275 305
696 0.096126782801 0.001756910791 304
697 0.095660279112 0.001739400937 303
698 0.095190529895 0.001721556783 302
699 0.094717803727 0.001703284436 301
700 0.094242817933 0.001684516963 300
701 0.093765003976 0.001665642405 299
702 0.093284380947 0.001646210167 298
703 0.092801208178 0.001626708131 297
704 0.092315114642 0.001606970964 296
705 0.091863232223 0.001588170319 295
706 0.091409058593 0.001568907640 294
707 0.090952040572 0.001549534846 293
708 0.090492505852 0.001530064802 292
709 0.090029401870 0.001510071874 291
710 0.089582384375 0.001490825060 290
711 0.089132204666 0.001471154877 289
712 0.088679162376 0.001451080774 288
713 0.088243924102 0.001428176681 287
714 0.087805282683 0.001405339824 286
715 0.087364096371 0.001382336084 285
716 0.086938119787 0.001361687570 284
717 0.086509511182 0.001340684609 283
718 0.086078412983 0.001319936346 282
719 0.085664201587 0.001301521479 281
720 0.085247544784 0.001282815982 280
721 0.084846615593 0.001266138458 279
722 0.084442700479 0.001249417739 278
723 0.084036681644 0.001232798440 277
724 0.083628270042 0.001215892702 276
725 0.083216883421 0.001198520305 275
726 0.082842495848 0.001185314882 274
727 0.082465828305 0.001171803621 273
728 0.082086008690 0.001158149189 272
729 0.081703643818 0.001144300291 271
730 0.081318597190 0.001130383873 270
731 0.080950815048 0.001118356975 269
732 0.080580973256 0.001106369858 268
733 0.080228676561 0.001096247945 267
734 0.079873712487 0.001086285765 266
735 0.079516606447 0.001076156118 265
736 0.079156431542 0.001065889658 264
737 0.078794242705 0.001055862347 263
738 0.078429833913 0.001046150182 262
739 0.078062976255 0.001036185418 261
740 0.077693743808 0.001025985879 260
741 0.077321545067 0.001015628456 259
742 0.076947532223 0.001005093798 258
743 0.076571349919 0.000994508351 257
744 0.076213111252 0.000985415463 256
745 0.075852480013 0.000976168896 255
746 0.075488518462 0.000966905621 254
747 0.075121984402 0.000957473897 253
748 0.074752411159 0.000947635064 252
749 0.074380057103 0.000937708922 251
750 0.074004621109 0.000927414611 250
751 0.073626949139 0.000917070661 249
752 0.073246866716 0.000906425374 248
753 0.072863863012 0.000895360444 247
754 0.072477158625 0.000884219662 246
755 0.072110783697 0.000874352752 245
756 0.071742435144 0.000864310526 244
757 0.071370873480 0.000854227356 243
758 0.070996469673 0.000844079752 242
759 0.070619269996 0.000833993581 241
760 0.070262269082 0.000826412724 240
761 0.069902838220 0.000818513141 239
762 0.069539631235 0.000810864058 238
763 0.069174146868 0.000802993271 237
764 0.068805800151 0.000795108330 236
765 0.068457642678 0.000788982925 235
766 0.068106860671 0.000782618695 234
767 0.067801099081 0.000776111569 233
768 0.067515780908 0.000770724470 232
769 0.067228293852 0.000765132138 231
770 0.066938717390 0.000759383819 230
771 0.066646877468 0.000753485657 229
772 0.066352324841 0.000747662497 228
773 0.066055301300 0.000741874594 227
774 0.065757038021 0.000735984561 226
775 0.065456943664 0.000730203943 225
776 0.065177614413 0.000725524527 224
777 0.064896046533 0.000720953427 223
778 0.064612236679 0.000716154381 222
779 0.064326034723 0.000711337846 221
780 0.064037946217 0.000706324960 220
781 0.063746952219 0.000701338593 219
782 0.063477837657 0.000697342759 218
783 0.063206830267 0.000693143520 217
784 0.062956614910 0.000689896953 216
785 0.062704376415 0.000686461253 215
786 0.062450393463 0.000682882110 214
787 0.062194056235 0.000679081259 213
788 0.061935140641 0.000675385699 212
789 0.061673016312 0.000671806681 211
790 0.061408423506 0.000668267505 210
791 0.061141437896 0.000664569436 209
792 0.060872343872 0.000660705056 208
793 0.060600944799 0.000656691935 207
794 0.060327541988 0.000652505449 206
795 0.060051771602 0.000648440696 205
796 0.059773001807 0.000644116966 204
797 0.059492256557 0.000639635208 203
798 0.059208772371 0.000635144607 202
799 0.058922310996 0.000630746901 201
800 0.058632937832 0.000626494899 200
801 0.058340651998 0.000622349869 199
802 0.058046995335 0.000618118293 198
803 0.057750354821 0.000613945594 197
804 0.057450659137 0.000609609441 196
805 0.057148994359 0.000605158694 195
806 0.056844562566 0.000600508737 194
807 0.056536696311 0.000595515551 193
808 0.056225649164 0.000590518072 192
809 0.055911811746 0.000585328057 191
810 0.055595148956 0.000579965041 190
811 0.055274320321 0.000574608827 189
812 0.054949271104 0.000569216763 188
813 0.054620572040 0.000563569521 187
814 0.054288333509 0.000557661318 186
815 0.053952696890 0.000551423260 185
816 0.053613282229 0.000545426522 184
817 0.053270340828 0.000539793672 183
818 0.052923241016 0.000533935485 182
819 0.052572169897 0.000527728003 181
820 0.052217214886 0.000521175644 180
821 0.051858623990 0.000515060702 179
822 0.051497354220 0.000509470212 178
823 0.051132667313 0.000503713536 177
824 0.050764765430 0.000497941288 176
825 0.050393035728 0.000492151298 175
826 0.050017897058 0.000486098490 174
827 0.049668998035 0.000481999485 173
828 0.049316548228 0.000478033447 172
829 0.048960844634 0.000473889277 171
830 0.048601488642 0.000469470111 170
831 0.048238029977 0.000464792426 169
832 0.047870035963 0.000459802041 168
833 0.047530380615 0.000455442593 167
834 0.047218537592 0.000453009021 166
835 0.046902931095 0.000450693358 165
836 0.046583426368 0.000448638479 164
837 0.046260534483 0.000446452994 163
838 0.045934402842 0.000444480355 162
839 0.045605184822 0.000443053912 161
840 0.045271658491 0.000441745079 160
841 0.044934677988 0.000440249251 159
842 0.044593998839 0.000438529287 158
843 0.044249343048 0.000436622082 157
844 0.043937284601 0.000432693192 156
845 0.043621414997 0.000428848768 155
846 0.043301649494 0.000424743556 154
847 0.043012630986 0.000422439651 153
848 0.042755351550 0.000420917810 152
849 0.042530902149 0.000420991703 151
850 0.042303876164 0.000420965343 150
851 0.042073996841 0.000420869080 149
852 0.041841017141 0.000420986396 148
853 0.041643676961 0.000419319512 147
854 0.041445257714 0.000417641630 146
855 0.041244094563 0.000415895767 145
856 0.041039529087 0.000414044151 144
857 0.040832130248 0.000412067804 143
858 0.040622435615 0.000410016945 142
859 0.040410614503 0.000407850866 141
860 0.040195953602 0.000405593064 140
861 0.039978415624 0.000403215647 139
862 0.039796480861 0.000402407802 138
863 0.039612312100 0.000401568788 137
864 0.039424771587 0.000400615432 136
865 0.039235080744 0.000399644775 135
866 0.039043237727 0.000398594835 134
867 0.038889171772 0.000398798845 133
868 0.038732974570 0.000398980643 132
869 0.038574659265 0.000399071728 131
870 0.038413702286 0.000399074021 130
871 0.038250234537 0.000399052887 129
872 0.038084215073 0.000398952333 128
873 0.037916306056 0.000398753656 127
874 0.037745506270 0.000398508630 126
875 0.037571741198 0.000398199853 125
876 0.037395884328 0.000397834878 124
877 0.037217658644 0.000397345568 123
878 0.037036029465 0.000396737032 122
879 0.036851384878 0.000396061768 121
880 0.036664394852 0.000395337606 120
881 0.036474009559 0.000394455016 119
882 0.036279155232 0.000393360593 118
883 0.036080465188 0.000392107780 117
884 0.035878833525 0.000390798034 116
885 0.035674703350 0.000389423832 115
886 0.035466491162 0.000388378167 114
887 0.035303234892 0.000388853872 113
888 0.035137334229 0.000389309058 112
889 0.034968438486 0.000389641001 111
890 0.034796744863 0.000389904357 110
891 0.034621900898 0.000390166293 109
892 0.034443819082 0.000390370230 108
893 0.034262689333 0.000390468110 107
894 0.034078419185 0.000390435610 106
895 0.033890642090 0.000390291364 105
896 0.033699250909 0.000390053853 104
897 0.033504707740 0.000389766230 103
898 0.033306327859 0.000389383921 102
899 0.033102593706 0.000388908657 101
900 0.032893922510 0.000388325152 100
901 0.032681322744 0.000387583895 99
902 0.032464680751 0.000386718270 98
903 0.032242982589 0.000385739469 97
904 0.032014207199 0.000384507378 96
905 0.031780928320 0.000383173948 95
906 0.031543005472 0.000381732168 94
907 0.031299952304 0.000380153265 93
908 0.031050643171 0.000378367592 92
909 0.030795514016 0.000376450901 91
910 0.030536039458 0.000374296741 90
911 0.030271405054 0.000371994754 89
912 0.029999743612 0.000369470869 88
913 0.029721851725 0.000366759724 87
914 0.029439209308 0.000363893413 86
915 0.029150265873 0.000360808353 85
916 0.028855153634 0.000357565181 84
917 0.028551518232 0.000354012810 83
918 0.028240103166 0.000350103673 82
919 0.027922087140 0.000346029039 81
920 0.027597589638 0.000341768954 80
921 0.027265984602 0.000337277874 79
922 0.026923984950 0.000332280618 78
923 0.026573873848 0.000326977158 77
924 0.026215322653 0.000321346054 76
925 0.025846422280 0.000315344239 75
926 0.025467948617 0.000308949842 74
927 0.025079906623 0.000302007630 73
928 0.024679874726 0.000294422680 72
929 0.024267346311 0.000286220806 71
930 0.023843410350 0.000277480183 70
931 0.023408033770 0.000268235931 69
932 0.023037661342 0.000262621696 68
933 0.022653196611 0.000256424552 67
934 0.022256156919 0.000249739820 66
935 0.021847357843 0.000242532426 65
936 0.021426692042 0.000234805987 64
937 0.020993138076 0.000226531348 63
938 0.020544155963 0.000217598211 62
939 0.020081437715 0.000207962175 61
940 0.019602305583 0.000197431147 60
941 0.019106422528 0.000186042331 59
942 0.018595483127 0.000174018092 58
943 0.018069703633 0.000161242334 57
944 0.017621180288 0.000152754982 56
945 0.017157949490 0.000143600118 55
946 0.016677012124 0.000133756945 54
947 0.016177908296 0.000123076773 53
948 0.015660161061 0.000111530126 52
949 0.015123243775 0.000099036276 51
950 0.014672401546 0.000090837927 50
951 0.014200739049 0.000081801068 49
952 0.013709457404 0.000071875637 48
953 0.013199105731 0.000061139344 47
954 0.012782129833 0.000054510534 46
955 0.012584334406 0.000053949703 45
956 0.012378905617 0.000053305089 44
957 0.012164605190 0.000052575331 43
958 0.011938731154 0.000051640785 42
959 0.011703248917 0.000050594078 41
960 0.011456711330 0.000049413163 40
961 0.011197530790 0.000048040616 39
962 0.010923960890 0.000046443101 38
963 0.010635594890 0.000044562812 37
964 0.010331208557 0.000042397638 36
965 0.010007758754 0.000039832775 35
966 0.009666109054 0.000036916183 34
967 0.009304634888 0.000033636587 33
968 0.009087720063 0.000033095313 32
969 0.008856800376 0.000032435933 31
970 0.008609485222 0.000031599376 30
971 0.008347151297 0.000030623901 29
972 0.008069193494 0.000029476513 28
973 0.007771734269 0.000028090492 27
974 0.007451393565 0.000026399948 26
975 0.007103100497 0.000024376671 25
976 0.006726980944 0.000021933426 24
977 0.006316905321 0.000018905588 23
978 0.005870856936 0.000015273645 22
979 0.005385081175 0.000010896993 21
980 0.005115216424 0.000009959101 20
981 0.004815431673 0.000008718919 19
982 0.004482284852 0.000007164006 18
983 0.004109851347 0.000005198432 17
984 0.004025187002 0.000005401477 16
985 0.003931213961 0.000005620280 15
986 0.003825914572 0.000005855410 14
987 0.003704415277 0.000006099157 13
988 0.003565087877 0.000006355062 12
989 0.003403041903 0.000006617688 11
990 0.003208586735 0.000006863516 10
991 0.002970919308 0.000007061271 9
992 0.002673835023 0.000007149598 8
993 0.002291869515 0.000007003788 7
994 0.001777790420 0.000006321145 6
995 0.001063829787 0.000004526935 5
996 0.000000000000 0.000000000000 4
997 0.000000000000 0.000000000000 3
998 0.000000000000 0.000000000000 2
999 0.000000000000 0.000000000000 1
