1 1.000000000000 0.000000000000 988
2 1.000000000000 0.000000000000 988
3 0.998674920251 0.001031285711 988
4 0.996540090425 0.002095014778 988
5 0.992715028169 0.003483123427 988
6 0.988783318716 0.004661153342 988
7 0.983905714547 0.006112923542 988
8 0.978830471720 0.007608221570 988
9 0.973705067121 0.009097324130 988
10 0.968412962444 0.010698021673 988
11 0.963421653618 0.012205130942 988
12 0.958391092851 0.013711112907 988
13 0.954436524957 0.013979664948 987
14 0.950383088778 0.014238994198 986
15 0.946217045100 0.014609805290 985
16 0.942191332796 0.014929000978 984
17 0.938165965982 0.015237635348 983
18 0.934216895245 0.015593570856 982
19 0.930333445710 0.015980365924 981
20 0.926527580694 0.016380674967 980
21 0.922658237185 0.016792293262 979
22 0.918827758292 0.017213872311 978
23 0.915111439143 0.017591750003 977
24 0.911455609418 0.017947818643 976
25 0.907847383747 0.018294756378 975
26 0.904249237898 0.018635960156 974
27 0.900718632885 0.018907673756 973
28 0.897189390562 0.019175434024 972
29 0.893683670418 0.019451186978 971
30 0.890212918096 0.019683169611 970
31 0.886733480240 0.019907747741 969
32 0.883263806443 0.020137035368 968
33 0.879796029884 0.020359120741 967
34 0.876356640155 0.020579511185 966
35 0.872925565519 0.020803445571 965
36 0.869523753295 0.021010250712 964
37 0.866154283206 0.021223423963 963
38 0.862833945968 0.021411821795 962
39 0.859540405919 0.021587441202 961
40 0.856287112163 0.021748258126 960
41 0.853079457538 0.021889134113 959
42 0.849934850606 0.022001266568 958
43 0.846817269639 0.022106103488 957
44 0.843715698067 0.022205925976 956
45 0.840633411024 0.022286753378 955
46 0.837570439958 0.022376540733 954
47 0.834539389051 0.022454376547 953
48 0.831529460161 0.022541831942 952
49 0.828541800902 0.022635135319 951
50 0.825554419589 0.022730339738 950
51 0.822577976558 0.022837289644 949
52 0.819620949460 0.022925866550 948
53 0.816671113180 0.023039682091 947
54 0.813744482035 0.023152067616 946
55 0.810817828600 0.023247602203 945
56 0.807912788540 0.023345176794 944
57 0.805019443728 0.023443122904 943
58 0.802132819085 0.023539092915 942
59 0.799244028134 0.023631013390 941
60 0.796366555862 0.023727308917 940
61 0.793495714594 0.023807883579 939
62 0.790630826880 0.023887276071 938
63 0.787769790411 0.023976475520 937
64 0.784923163785 0.024075730158 936
65 0.782092963954 0.024186850309 935
66 0.779302766830 0.024306960958 934
67 0.776531806135 0.024438078307 933
68 0.773749115461 0.024572880067 932
69 0.770972949406 0.024705714551 931
70 0.768205397440 0.024841953699 930
71 0.765447783689 0.024979893249 929
72 0.762756447972 0.025102886246 928
73 0.760087552475 0.025222697957 927
74 0.757430609755 0.025344020983 926
75 0.754804714698 0.025459353507 925
76 0.752182940189 0.025572881647 924
77 0.749599512192 0.025679804045 923
78 0.747023235133 0.025779434702 922
79 0.744474188685 0.025875219102 921
80 0.741931381476 0.025971336199 920
81 0.739394736034 0.026069713724 919
82 0.736916768663 0.026115864060 918
83 0.734445570878 0.026159422746 917
84 0.731978604172 0.026196348804 916
85 0.729531335381 0.026223725662 915
86 0.727098142438 0.026250678831 914
87 0.724676947969 0.026273777817 913
88 0.722260734207 0.026293170622 912
89 0.719891503724 0.026303677317 911
90 0.717557999727 0.026313949122 910
91 0.715242831128 0.026330516108 909
92 0.712932147556 0.026343163521 908
93 0.710625922751 0.026351901546 907
94 0.708319510318 0.026358324571 906
95 0.706015763269 0.026363964035 905
96 0.703715669163 0.026369095038 904
97 0.701407880438 0.026371983686 903
98 0.699101060936 0.026371649309 902
99 0.696795988456 0.026369902651 901
100 0.694492690904 0.026361762609 900
101 0.692190053516 0.026356496764 899
102 0.689904323116 0.026355291750 898
103 0.687628539382 0.026347741039 897
104 0.685356966208 0.026341472934 896
105 0.683087746184 0.026332820262 895
106 0.680830785870 0.026314454941 894
107 0.678576220787 0.026296684574 893
108 0.676330487486 0.026276072590 892
109 0.674088073259 0.026257051904 891
110 0.671855959551 0.026233750810 890
111 0.669632237394 0.026204166637 889
112 0.667420979952 0.026172045294 888
113 0.665215861913 0.026135965665 887
114 0.663012512519 0.026096456722 886
115 0.660810971452 0.026054311860 885
116 0.658633229093 0.026019670443 884
117 0.656466626871 0.025983301901 883
118 0.654299361804 0.025945933646 882
119 0.652134638175 0.025907774939 881
120 0.649966112002 0.025868817539 880
121 0.647798535729 0.025832090602 879
122 0.645637508469 0.025795415752 878
123 0.643476054042 0.025757542422 877
124 0.641320862316 0.025716346587 876
125 0.639166250563 0.025674368377 875
126 0.637017169181 0.025628485879 874
127 0.634868642394 0.025580114261 873
128 0.632721140583 0.025534355358 872
129 0.630598691536 0.025494003670 871
130 0.628475033948 0.025451492064 870
131 0.626350743379 0.025403760646 869
132 0.624237613568 0.025363323026 868
133 0.622126689241 0.025317126469 867
134 0.620011622207 0.025268449090 866
135 0.617924167411 0.025221644043 865
136 0.615835831794 0.025172208784 864
137 0.613764554040 0.025124111689 863
138 0.611696909359 0.025077247357 862
139 0.609646808199 0.025030709925 861
140 0.607604187554 0.024978677287 860
141 0.605564899041 0.024926088491 859
142 0.603570935236 0.024873846825 858
143 0.601578298468 0.024822059949 857
144 0.599592710259 0.024768804602 856
145 0.597612152473 0.024714379459 855
146 0.595635118424 0.024658611692 854
147 0.593668486878 0.024606555935 853
148 0.591698219546 0.024551485995 852
149 0.589730832309 0.024494480807 851
150 0.587765878628 0.024438039810 850
151 0.585804543730 0.024381428679 849
152 0.583842469297 0.024323171348 848
153 0.581905815826 0.024273521962 847
154 0.579981770302 0.024228910542 846
155 0.578056879852 0.024182974005 845
156 0.576143195578 0.024141398477 844
157 0.574228201829 0.024096764149 843
158 0.572344055580 0.024041211799 842
159 0.570476017229 0.023988842237 841
160 0.568611920062 0.023938268319 840
161 0.566773320724 0.023885388233 839
162 0.564969018503 0.023833524071 838
163 0.563169901970 0.023780677277 837
164 0.561369465155 0.023726287285 836
165 0.559565951083 0.023667249580 835
166 0.557761482841 0.023610013307 834
167 0.555967254933 0.023556712587 833
168 0.554174106316 0.023501662748 832
169 0.552380835932 0.023445377141 831
170 0.550594626762 0.023389352344 830
171 0.548805385469 0.023337484410 829
172 0.547020076787 0.023288784026 828
173 0.545235606929 0.023238144747 827
174 0.543463360576 0.023192731878 826
175 0.541731176466 0.023119722749 825
176 0.539998150440 0.023043010651 824
177 0.538265566189 0.022964677500 823
178 0.536530354826 0.022886993014 822
179 0.534795077080 0.022810213813 821
180 0.533061060110 0.022733970095 820
181 0.531342716920 0.022658200382 819
182 0.529638561750 0.022580629700 818
183 0.527931270581 0.022503890677 817
184 0.526223271813 0.022424808770 816
185 0.524516561590 0.022345817090 815
186 0.522808396555 0.022267251504 814
187 0.521098358621 0.022187338315 813
188 0.519409591032 0.022111117527 812
189 0.517721670461 0.022036243462 811
190 0.516035654387 0.021958014127 810
191 0.514377459929 0.021865490979 809
192 0.512729955634 0.021775338550 808
193 0.511083093704 0.021685654377 807
194 0.509451982935 0.021600586764 806
195 0.507852975935 0.021520799875 805
196 0.506268186606 0.021444111106 804
197 0.504680403619 0.021367223497 803
198 0.503094254856 0.021290671259 802
199 0.501507724636 0.021214260336 801
200 0.499917430880 0.021136511604 800
201 0.498328346612 0.021059001213 799
202 0.496736481277 0.020983292283 798
203 0.495141060433 0.020907487879 797
204 0.493542594855 0.020833938332 796
205 0.491955470411 0.020764015211 795
206 0.490367683386 0.020693510728 794
207 0.488775333791 0.020624680390 793
208 0.487186330746 0.020557751318 792
209 0.485597132842 0.020491879154 791
210 0.484011737637 0.020422501819 790
211 0.482424350244 0.020352680840 789
212 0.480840449454 0.020284802411 788
213 0.479258654852 0.020212814658 787
214 0.477698262596 0.020141782440 786
215 0.476161091279 0.020070813304 785
216 0.474633552161 0.020000326475 784
217 0.473104522629 0.019927524976 783
218 0.471574674549 0.019855794620 782
219 0.470044448257 0.019783834378 781
220 0.468510469287 0.019709616726 780
221 0.466977839393 0.019634815105 779
222 0.465480367303 0.019568062510 778
223 0.463981013193 0.019498242537 777
224 0.462486172050 0.019426829916 776
225 0.460992022176 0.019357844525 775
226 0.459500232431 0.019291868359 774
227 0.458036730957 0.019222950034 773
228 0.456597653119 0.019151785397 772
229 0.455156843596 0.019077369261 771
230 0.453716212636 0.019001683415 770
231 0.452273828375 0.018923122437 769
232 0.450832367996 0.018843538443 768
233 0.449391807339 0.018761813225 767
234 0.447977160169 0.018678797172 766
235 0.446560434921 0.018593469341 765
236 0.445139592054 0.018507213948 764
237 0.443717828962 0.018419535769 763
238 0.442294522092 0.018331167274 762
239 0.440883209288 0.018248542963 761
240 0.439464987837 0.018165650650 760
241 0.438076485155 0.018070036275 759
242 0.436684055330 0.017971700224 758
243 0.435289524450 0.017874019443 757
244 0.433906786052 0.017780402973 756
245 0.432523109628 0.017688967303 755
246 0.431142253617 0.017599559467 754
247 0.429772746361 0.017512398759 753
248 0.428419404015 0.017431513876 752
249 0.427068687292 0.017348752534 751
250 0.425715273507 0.017264019368 750
251 0.424359893616 0.017178088626 749
252 0.423015553053 0.017092695978 748
253 0.421685598292 0.017005616727 747
254 0.420353453621 0.016920696144 746
255 0.419042764629 0.016838172005 745
256 0.417730456308 0.016755559959 744
257 0.416416861003 0.016673159242 743
258 0.415113874763 0.016594147582 742
259 0.413827902716 0.016516109040 741
260 0.412555795601 0.016443260815 740
261 0.411281098623 0.016367308700 739
262 0.410033534714 0.016288777504 738
263 0.408784331797 0.016207920296 737
264 0.407549192221 0.016128272694 736
265 0.406314228668 0.016047253952 735
266 0.405078265576 0.015966405370 734
267 0.403840920302 0.015883867707 733
268 0.402615171247 0.015804973892 732
269 0.401386951822 0.015725720424 731
270 0.400155538158 0.015643618974 730
271 0.398919605902 0.015561034471 729
272 0.397679611117 0.015476231427 728
273 0.396438621629 0.015392527614 727
274 0.395193539955 0.015309804590 726
275 0.393948566859 0.015228034708 725
276 0.392701841284 0.015147822283 724
277 0.391469610402 0.015072795154 723
278 0.390232645915 0.014997722099 722
279 0.388993775855 0.014921708880 721
280 0.387812207732 0.014831050986 720
281 0.386625603815 0.014738886315 719
282 0.385438477300 0.014648421029 718
283 0.384271397938 0.014562011901 717
284 0.383102065979 0.014474497017 716
285 0.381944199466 0.014390120076 715
286 0.380786855507 0.014306736080 714
287 0.379629485184 0.014223531472 713
288 0.378472413830 0.014140812216 712
289 0.377313294500 0.014058286669 711
290 0.376152990156 0.013975232474 710
291 0.375014377970 0.013891958167 709
292 0.373873267575 0.013808417372 708
293 0.372730426306 0.013723407025 707
294 0.371585902775 0.013638281669 706
295 0.370440592968 0.013552341504 705
296 0.369296103941 0.013465176401 704
297 0.368150415454 0.013377962388 703
298 0.367003614656 0.013289293547 702
299 0.365853588184 0.013201178196 701
300 0.364702084380 0.013116042327 700
301 0.363552934137 0.013032199136 699
302 0.362415394653 0.012948307814 698
303 0.361294566084 0.012869941219 697
304 0.360173317804 0.012790376555 696
305 0.359047999576 0.012709204556 695
306 0.357922498342 0.012628956369 694
307 0.356811431233 0.012556010437 693
308 0.355699570608 0.012482887139 692
309 0.354599328188 0.012412344487 691
310 0.353496122888 0.012340045168 690
311 0.352392738283 0.012267420660 689
312 0.351318312733 0.012204014356 688
313 0.350239890053 0.012137780714 687
314 0.349159098307 0.012071798425 686
315 0.348119477158 0.011998592723 685
316 0.347079102533 0.011925105628 684
317 0.346032881160 0.011849920604 683
318 0.344985121298 0.011773374807 682
319 0.343952213591 0.011696408711 681
320 0.342933323173 0.011626121533 680
321 0.341928894971 0.011561628974 679
322 0.340922856548 0.011494751083 678
323 0.339938827904 0.011429938684 677
324 0.338952936842 0.011364919958 676
325 0.337966167507 0.011300550501 675
326 0.337007288096 0.011243329543 674
327 0.336048494635 0.011185725892 673
328 0.335085460418 0.011127644887 672
329 0.334123161868 0.011070293660 671
330 0.333161666238 0.011012639668 670
331 0.332197939517 0.010955034915 669
332 0.331231876393 0.010897483999 668
333 0.330310537896 0.010839443926 667
334 0.329388287530 0.010783797465 666
335 0.328463059058 0.010727245154 665
336 0.327538504412 0.010671695625 664
337 0.326611912179 0.010615612717 663
338 0.325685334657 0.010559307039 662
339 0.324758329343 0.010504620151 661
340 0.323832300247 0.010450927217 660
341 0.322904226247 0.010398418868 659
342 0.321976578263 0.010345562244 658
343 0.321047161996 0.010291263667 657
344 0.320119764159 0.010237007779 656
345 0.319190447765 0.010181237931 655
346 0.318259309565 0.010124060092 654
347 0.317330183658 0.010066771939 653
348 0.316399819414 0.010009424255 652
349 0.315467681189 0.009951035518 651
350 0.314533815874 0.009893838052 650
351 0.313601627483 0.009836679142 649
352 0.312666357591 0.009780207487 648
353 0.311762103422 0.009717629130 647
354 0.310854786374 0.009655973598 646
355 0.309945752588 0.009593889459 645
356 0.309049174934 0.009536109855 644
357 0.308151581646 0.009480468671 643
358 0.307272078443 0.009430116169 642
359 0.306390414072 0.009378183172 641
360 0.305510673152 0.009326770220 640
361 0.304628061897 0.009275877096 639
362 0.303746965600 0.009225208383 638
363 0.302864740835 0.009174402105 637
364 0.301983315068 0.009123007136 636
365 0.301100399259 0.009071894502 635
366 0.300214656715 0.009019635813 634
367 0.299345054800 0.008969555979 633
368 0.298473883019 0.008919994085 632
369 0.297618575949 0.008874431923 631
370 0.296760738485 0.008828184186 630
371 0.295903806271 0.008783279968 629
372 0.295043323256 0.008737908182 628
373 0.294183862482 0.008694276787 627
374 0.293321426679 0.008650790000 626
375 0.292458666547 0.008606247691 625
376 0.291591804059 0.008561525074 624
377 0.290721476986 0.008516508967 623
378 0.289852940249 0.008472379690 622
379 0.288979475395 0.008427579635 621
380 0.288105253424 0.008382683771 620
381 0.287231533904 0.008338954394 619
382 0.286358671172 0.008294756649 618
383 0.285483251571 0.008249531126 617
384 0.284604840209 0.008203839587 616
385 0.283726348533 0.008157051303 615
386 0.282864928222 0.008115649227 614
387 0.282000035967 0.008073354991 613
388 0.281134572596 0.008030716166 612
389 0.280268228232 0.007988240873 611
390 0.279399369625 0.007943702355 610
391 0.278529999099 0.007901296909 609
392 0.277660502409 0.007858789860 608
393 0.276787211401 0.007816332428 607
394 0.275942360759 0.007771547930 606
395 0.275096618362 0.007727590606 605
396 0.274279007569 0.007679560327 604
397 0.273458931755 0.007631695580 603
398 0.272655348538 0.007586292001 602
399 0.271849758613 0.007539893204 601
400 0.271044665980 0.007494077813 600
401 0.270236606828 0.007447243912 599
402 0.269425124351 0.007399682411 598
403 0.268612591174 0.007351900767 597
404 0.267795746950 0.007302544120 596
405 0.266976467117 0.007255008408 595
406 0.266174961534 0.007212052157 594
407 0.265408113493 0.007174327405 593
408 0.264657546681 0.007142044435 592
409 0.263905196578 0.007109924639 591
410 0.263149969218 0.007079159242 590
411 0.262410419200 0.007052029866 589
412 0.261669913018 0.007025967307 588
413 0.260927231710 0.006999109315 587
414 0.260182248073 0.006971270949 586
415 0.259435042680 0.006944110324 585
416 0.258682506639 0.006916547135 584
417 0.257928844550 0.006888620558 583
418 0.257171529818 0.006860380003 582
419 0.256413104636 0.006833831061 581
420 0.255652568416 0.006807462868 580
421 0.254890318332 0.006782734670 579
422 0.254126572996 0.006758970749 578
423 0.253361008922 0.006736896823 577
424 0.252595506097 0.006715741007 576
425 0.251825933306 0.006695448097 575
426 0.251058205247 0.006677379396 574
427 0.250286741681 0.006658520918 573
428 0.249515432466 0.006640176265 572
429 0.248744661501 0.006621223588 571
430 0.247970712364 0.006601346760 570
431 0.247194559489 0.006582128639 569
432 0.246418163538 0.006561511781 568
433 0.245638754497 0.006541344433 567
434 0.244857182896 0.006519674054 566
435 0.244070399203 0.006497559660 565
436 0.243281857841 0.006476753026 564
437 0.242511008184 0.006462159459 563
438 0.241738785032 0.006447663517 562
439 0.240964933216 0.006433372893 561
440 0.240189697036 0.006417885743 560
441 0.239412127839 0.006403116378 559
442 0.238632314890 0.006389687502 558
443 0.237853219703 0.006375247561 557
444 0.237072214545 0.006358750771 556
445 0.236287514467 0.006342295701 555
446 0.235499511694 0.006328423863 554
447 0.234712933410 0.006312702061 553
448 0.233924437015 0.006296863520 552
449 0.233129885811 0.006280724313 551
450 0.232337020899 0.006264062854 550
451 0.231540911105 0.006247211460 549
452 0.230746326983 0.006229292553 548
453 0.229948719234 0.006212943641 547
454 0.229149886844 0.006195529743 546
455 0.228407389502 0.006166634205 545
456 0.227662257282 0.006137045591 544
457 0.226932715025 0.006114145485 543
458 0.226202414759 0.006090008211 542
459 0.225471501188 0.006066147739 541
460 0.224738464145 0.006041669645 540
461 0.224061892323 0.006006050053 539
462 0.223384008669 0.005970755282 538
463 0.222725676750 0.005939140334 537
464 0.222063940598 0.005907571526 536
465 0.221421150126 0.005880075612 535
466 0.220779491103 0.005852471310 534
467 0.220136454119 0.005824883040 533
468 0.219493783540 0.005797314695 532
469 0.218850965865 0.005770179335 531
470 0.218227898852 0.005746714037 530
471 0.217603852988 0.005722840185 529
472 0.216977460719 0.005699260375 528
473 0.216350742772 0.005675011278 527
474 0.215723798410 0.005650556256 526
475 0.215095884036 0.005625508992 525
476 0.214470312726 0.005601111138 524
477 0.213843445925 0.005576118133 523
478 0.213215912906 0.005550985752 522
479 0.212585714001 0.005524833816 521
480 0.211955497039 0.005498461839 520
481 0.211326817425 0.005472033300 519
482 0.210716302373 0.005448766108 518
483 0.210104878545 0.005426343726 517
484 0.209492832907 0.005402285495 516
485 0.208880646822 0.005378685980 515
486 0.208267674045 0.005354596936 514
487 0.207655850470 0.005330031696 513
488 0.207063650926 0.005309474214 512
489 0.206472254464 0.005287660842 511
490 0.205879287807 0.005266238903 510
491 0.205308604185 0.005248101211 509
492 0.204735714954 0.005229194476 508
493 0.204162653454 0.005209141179 507
494 0.203589532748 0.005188500027 506
495 0.203014261332 0.005166854959 505
496 0.202438338830 0.005145527286 504
497 0.201862631590 0.005124393211 503
498 0.201286620974 0.005102314912 502
499 0.200707744122 0.005080298429 501
500 0.200127865343 0.005057084464 500
501 0.199545372330 0.005034171196 499
502 0.198960487786 0.005010914904 498
503 0.198375384127 0.004988181636 497
504 0.197811353692 0.004968773249 496
505 0.197247478956 0.004948965426 495
506 0.196683153513 0.004929332394 494
507 0.196119646189 0.004908477923 493
508 0.195557127404 0.004887467748 492
509 0.194994808618 0.004866873515 491
510 0.194429001668 0.004846393090 490
511 0.193862784122 0.004825933272 489
512 0.193293989618 0.004804862723 488
513 0.192725152244 0.004783149923 487
514 0.192156684256 0.004763012219 486
515 0.191587811558 0.004742586326 485
516 0.191017434823 0.004722163484 484
517 0.190445651100 0.004702125011 483
518 0.189873307495 0.004682726406 482
519 0.189299525354 0.004664061394 481
520 0.188725563639 0.004645173201 480
521 0.188150183846 0.004625919773 479
522 0.187573385127 0.004606635589 478
523 0.186995970335 0.004586868306 477
524 0.186416719730 0.004566143507 476
525 0.185884800602 0.004547022046 475
526 0.185351046382 0.004527448106 474
527 0.184817441346 0.004508549266 473
528 0.184283395261 0.004488847221 472
529 0.183748100303 0.004468138539 471
530 0.183212500021 0.004447897165 470
531 0.182676111741 0.004427021829 469
532 0.182139468961 0.004405701246 468
533 0.181601559615 0.004383966536 467
534 0.181061789344 0.004361309177 466
535 0.180521715504 0.004337962905 465
536 0.179979853495 0.004313631684 464
537 0.179434486130 0.004289325705 463
538 0.178886872565 0.004264335810 462
539 0.178366493304 0.004240716795 461
540 0.177843557642 0.004216834613 460
541 0.177342879153 0.004196743877 459
542 0.176842960620 0.004176596799 458
543 0.176364991464 0.004159210358 457
544 0.175885949486 0.004141918088 456
545 0.175406203476 0.004124764440 455
546 0.174926951586 0.004107692643 454
547 0.174444989503 0.004089704032 453
548 0.173963655086 0.004071855613 452
549 0.173480498326 0.004053561256 451
550 0.172997292555 0.004035031557 450
551 0.172514096643 0.004016385910 449
552 0.172052306468 0.004000420384 448
553 0.171589048138 0.003983803886 447
554 0.171123500204 0.003966803640 446
555 0.170655358803 0.003949630590 445
556 0.170186160678 0.003933292229 444
557 0.169713953842 0.003918043681 443
558 0.169241260854 0.003901793143 442
559 0.168766696267 0.003885201991 441
560 0.168291659407 0.003868933570 440
561 0.167816339199 0.003853064083 439
562 0.167370104857 0.003839805164 438
563 0.166923041748 0.003826160449 437
564 0.166475699776 0.003812994043 436
565 0.166027358816 0.003800060909 435
566 0.165576678456 0.003787107583 434
567 0.165126359750 0.003774573517 433
568 0.164674943786 0.003762131299 432
569 0.164222657839 0.003749732058 431
570 0.163768272587 0.003736848030 430
571 0.163341545976 0.003720780029 429
572 0.162912270078 0.003705207998 428
573 0.162481543606 0.003689015687 427
574 0.162049843583 0.003673430193 426
575 0.161617092053 0.003657475495 425
576 0.161183116743 0.003641010422 424
577 0.160749298477 0.003624545482 423
578 0.160315392814 0.003607799875 422
579 0.159880394117 0.003590794482 421
580 0.159443454142 0.003573187211 420
581 0.159004391261 0.003555009037 419
582 0.158564967388 0.003537130274 418
583 0.158126035216 0.003518978730 417
584 0.157685914553 0.003500304276 416
585 0.157243900082 0.003482617117 415
586 0.156801258962 0.003464930192 414
587 0.156355226433 0.003446584033 413
588 0.155909938654 0.003428155369 412
589 0.155462984124 0.003408816741 411
590 0.155015828789 0.003389399318 410
591 0.154568212294 0.003370090668 409
592 0.154118438558 0.003350364248 408
593 0.153667077202 0.003331277314 407
594 0.153213740520 0.003311451733 406
595 0.152758437883 0.003291138587 405
596 0.152301349031 0.003270103006 404
597 0.151842225801 0.003249374905 403
598 0.151381582503 0.003228395998 402
599 0.150946045430 0.003210798408 401
600 0.150508320384 0.003192735660 400
601 0.150068269411 0.003174283056 399
602 0.149626586052 0.003156067635 398
603 0.149183998454 0.003138947928 397
604 0.148740247878 0.003121584612 396
605 0.148293643113 0.003103362656 395
606 0.147848005000 0.003085166889 394
607 0.147401614299 0.003066520942 393
608 0.146952657178 0.003047708523 392
609 0.146501804433 0.003028459397 391
610 0.146049906678 0.003009690291 390
611 0.145598163476 0.002990304670 389
612 0.145144825591 0.002970672312 388
613 0.144689564178 0.002950394669 387
614 0.144232304556 0.002929747941 386
615 0.143773341379 0.002908865978 385
616 0.143311979667 0.002887349997 384
617 0.142849503780 0.002866302844 383
618 0.142385915291 0.002845146849 382
619 0.141920188327 0.002823140304 381
620 0.141454107662 0.002800770959 380
621 0.140984946071 0.002778528968 379
622 0.140513552399 0.002756213797 378
623 0.140041271111 0.002733257682 377
624 0.139567983879 0.002710834590 376
625 0.139095255289 0.002688089350 375
626 0.138620936376 0.002665279336 374
627 0.138172960201 0.002646635076 373
628 0.137750343016 0.002632342507 372
629 0.137328477587 0.002617938511 371
630 0.136904721451 0.002603174333 370
631 0.136479720236 0.002587103010 369
632 0.136052029027 0.002570706213 368
633 0.135624584708 0.002554038598 367
634 0.135196210992 0.002536768414 366
635 0.134766447101 0.002519947238 365
636 0.134336360825 0.002503655010 364
637 0.133933195795 0.002490103907 363
638 0.133529719951 0.002476664609 362
639 0.133123552100 0.002464066970 361
640 0.132745662380 0.002454002686 360
641 0.132366640229 0.002443540511 359
642 0.131985860619 0.002432783540 358
643 0.131605697527 0.002421850928 357
644 0.131225023872 0.002410697482 356
645 0.130841349361 0.002398797876 355
646 0.130456424061 0.002386551873 354
647 0.130069764683 0.002373862488 353
648 0.129680835461 0.002360788100 352
649 0.129290581274 0.002347726726 351
650 0.128898553563 0.002333744833 350
651 0.128505617671 0.002319253861 349
652 0.128112412426 0.002304458305 348
653 0.127717640783 0.002290951499 347
654 0.127323197292 0.002277649151 346
655 0.126925938941 0.002264080842 345
656 0.126526468899 0.002250538218 344
657 0.126124827821 0.002237100448 343
658 0.125721362807 0.002223290287 342
659 0.125316645508 0.002209294658 341
660 0.124908364665 0.002194503556 340
661 0.124498060828 0.002179287243 339
662 0.124084691383 0.002163599711 338
663 0.123669247584 0.002148633087 337
664 0.123253403842 0.002133185664 336
665 0.122834572543 0.002117295842 335
666 0.122414695731 0.002100892299 334
667 0.121992619640 0.002084517083 333
668 0.121566508321 0.002068761895 332
669 0.121138235801 0.002052634139 331
670 0.120707379529 0.002036015474 330
671 0.120275586076 0.002019209535 329
672 0.119842369426 0.002002108170 328
673 0.119438413513 0.001987945689 327
674 0.119032163001 0.001973879953 326
675 0.118626180096 0.001959587554 325
676 0.118216642466 0.001945667282 324
677 0.117804686148 0.001931157912 323
678 0.117389270578 0.001916100306 322
679 0.116972522792 0.001901334521 321
680 0.116554253953 0.001886704712 320
681 0.116135891233 0.001871496945 319
682 0.115749541530 0.001859038410 318
683 0.115360595655 0.001846416519 317
684 0.114967987648 0.001833539257 316
685 0.114573810046 0.001819846540 315
686 0.114176632173 0.001806429802 314
687 0.113779768425 0.001792866153 313
688 0.113379353021 0.001778754862 312
689 0.112976788034 0.001765420230 311
690 0.112571893623 0.001752115073 310
691 0.112164343293 0.001739239916 309
692 0.111753914595 0.001726999490 308
693 0.111376261007 0.001718082257 307
694 0.110996658946 0.001709725952 306
695 0.110615534398 0.001701811105 305
696 0.110233773063 0.001692928553 304
697 0.109849894744 0.001683730918 303
698 0.109463670515 0.001673814065 302
699 0.109074813655 0.001663932826 301
700 0.108685320246 0.001654245913 300
701 0.108293196808 0.001644309499 299
702 0.107900725885 0.001634359189 298
703 0.107506302361 0.001624009337 297
704 0.107109710197 0.001613277224 296
705 0.106711992072 0.001602899976 295
706 0.106312781351 0.001592748569 294
707 0.105911610125 0.001582440043 293
708 0.105544182789 0.001574598579 292
709 0.105173623994 0.001566382299 291
710 0.104801857348 0.001557860783 290
711 0.104427828127 0.001549906475 289
712 0.104049696272 0.001541362563 288
713 0.103670952178 0.001533486379 287
714 0.103291933711 0.001525682447 286
715 0.102910911110 0.001517617348 285
716 0.102526688794 0.001509197831 284
717 0.102139609330 0.001500635419 283
718 0.101795708667 0.001493326670 282
719 0.101492248894 0.001486672415 281
720 0.101142589124 0.001478447117 280
721 0.100792501931 0.001470040202 279
722 0.100439937688 0.001461215713 278
723 0.100084806240 0.001451972854 277
724 0.099729589278 0.001442878925 276
725 0.099371863866 0.001433314861 275
726 0.099011117739 0.001423248481 274
727 0.098647760119 0.001412857394 273
728 0.098282849478 0.001401796913 272
729 0.097916106205 0.001390549811 271
730 0.097545060216 0.001380823983 270
731 0.097171226652 0.001370881551 269
732 0.096796359155 0.001361035579 268
733 0.096419274352 0.001350704981 267
734 0.096041006714 0.001340212542 266
735 0.095659939675 0.001329331439 265
736 0.095275392962 0.001318731704 264
737 0.094887313127 0.001307880705 263
738 0.094495743678 0.001296478425 262
739 0.094101815213 0.001284436581 261
740 0.093703862306 0.001272839383 260
741 0.093303902808 0.001260922077 259
742 0.092903446656 0.001249007791 258
743 0.092499349648 0.001236371980 257
744 0.092090016473 0.001225072979 256
745 0.091677855298 0.001213310650 255
746 0.091263421622 0.001201357889 254
747 0.090844997519 0.001188849539 253
748 0.090467876128 0.001180652849 252
749 0.090086611677 0.001172323712 251
750 0.089702153621 0.001163407435 250
751 0.089314966254 0.001155096549 249
752 0.088926815089 0.001146842587 248
753 0.088534890476 0.001138429593 247
754 0.088140413154 0.001129747962 246
755 0.087742263359 0.001120572728 245
756 0.087341350452 0.001111124042 244
757 0.086935469709 0.001100933167 243
758 0.086575987748 0.001089915059 242
759 0.086212248387 0.001079375877 241
760 0.085844745716 0.001068896611 240
761 0.085472449534 0.001058610205 239
762 0.085096348460 0.001047913922 238
763 0.084717588728 0.001036969918 237
764 0.084336148168 0.001025720598 236
765 0.083951261666 0.001015258225 235
766 0.083608229109 0.001007699451 234
767 0.083260900923 0.001000056136 233
768 0.082910144943 0.000992147867 232
769 0.082555716059 0.000983980625 231
770 0.082199974081 0.000975891671 230
771 0.081842979346 0.000967634956 229
772 0.081482956456 0.000959211125 228
773 0.081120138401 0.000950690948 227
774 0.080755356162 0.000942084600 226
775 0.080384939070 0.000934052588 225
776 0.080009392559 0.000926720564 224
777 0.079629768376 0.000919024951 223
778 0.079247150357 0.000911202357 222
779 0.078862094737 0.000903309626 221
780 0.078473075073 0.000894976977 220
781 0.078079660373 0.000886413416 219
782 0.077682700614 0.000877706156 218
783 0.077281482852 0.000869647409 217
784 0.076879088793 0.000861674238 216
785 0.076522323995 0.000856395420 215
786 0.076161925939 0.000850746839 214
787 0.075799540513 0.000845083777 213
788 0.075434325243 0.000839209469 212
789 0.075065445187 0.000832975680 211
790 0.074691888704 0.000826207290 210
791 0.074316824569 0.000819622980 209
792 0.073938172830 0.000812727555 208
793 0.073555098235 0.000805529341 207
794 0.073169451668 0.000798169713 206
795 0.072780836249 0.000790525424 205
796 0.072389658925 0.000782879245 204
797 0.071996324263 0.000775192090 203
798 0.071598845263 0.000767537716 202
799 0.071197278713 0.000759701604 201
800 0.070791598552 0.000752819002 200
801 0.070382559909 0.000745738014 199
802 0.069969186608 0.000738346944 198
803 0.069553353521 0.000731620324 197
804 0.069134682347 0.000724662810 196
805 0.068713060997 0.000717693830 195
806 0.068288545255 0.000710417774 194
807 0.067858443366 0.000702459435 193
808 0.067423861249 0.000694042422 192
809 0.066985382167 0.000685285129 191
810 0.066543546706 0.000676230679 190
811 0.066157639478 0.000668728291 189
812 0.065770515560 0.000661304940 188
813 0.065379704980 0.000653754086 187
814 0.064984639466 0.000645845876 186
815 0.064585302973 0.000637559764 185
816 0.064238380826 0.000632570422 184
817 0.063887748038 0.000627250278 183
818 0.063535367922 0.000621897287 182
819 0.063179657520 0.000616498062 181
820 0.062876963567 0.000613845655 180
821 0.062574455683 0.000611529885 179
822 0.062270519741 0.000608908426 178
823 0.061965461523 0.000606239870 177
824 0.061657098422 0.000603206732 176
825 0.061345837737 0.000600065439 175
826 0.061031839028 0.000596787437 174
827 0.060716661225 0.000593417208 173
828 0.060398554374 0.000589953086 172
829 0.060078456442 0.000586156905 171
830 0.059755988713 0.000582296049 170
831 0.059491341879 0.000580478674 169
832 0.059224463065 0.000578373434 168
833 0.058955267913 0.000576143534 167
834 0.058682060281 0.000573568736 166
835 0.058408077005 0.000570786713 165
836 0.058130007957 0.000567690531 164
837 0.057850856511 0.000564822768 163
838 0.057568412017 0.000561636604 162
839 0.057284968267 0.000558435191 161
840 0.056998761744 0.000555098037 160
841 0.056708955140 0.000551551973 159
842 0.056419921573 0.000549284946 158
843 0.056129833185 0.000546812238 157
844 0.055836863000 0.000544176744 156
845 0.055540936305 0.000541371055 155
846 0.055240454400 0.000538235170 154
847 0.054936918182 0.000534879171 153
848 0.054626637794 0.000531206675 152
849 0.054314811937 0.000527377937 151
850 0.054000052057 0.000522869643 150
851 0.053681924133 0.000518258438 149
852 0.053358672183 0.000513265871 148
853 0.053034730612 0.000508085294 147
854 0.052707102507 0.000502707881 146
855 0.052445671907 0.000499521879 145
856 0.052180763696 0.000497662366 144
857 0.051913023509 0.000495757498 143
858 0.051643313421 0.000493691675 142
859 0.051368892239 0.000491321267 141
860 0.051094485770 0.000488416383 140
861 0.050817049578 0.000485284759 139
862 0.050535592572 0.000481950444 138
863 0.050250917946 0.000478414443 137
864 0.049961097920 0.000474555492 136
865 0.049667028507 0.000470293756 135
866 0.049368569998 0.000465791566 134
867 0.049066647434 0.000462792829 133
868 0.048761159851 0.000459539227 132
869 0.048454778473 0.000456518970 131
870 0.048143704641 0.000453305968 130
871 0.047828775743 0.000449817401 129
872 0.047507950736 0.000447896814 128
873 0.047182052467 0.000447845249 127
874 0.046852962150 0.000447488126 126
875 0.046516630835 0.000446823086 125
876 0.046174874821 0.000445915580 124
877 0.045827561799 0.000444753995 123
878 0.045476579253 0.000443408222 122
879 0.045119795342 0.000441787685 121
880 0.044754915671 0.000439817066 120
881 0.044381850713 0.000439165214 119
882 0.044002462621 0.000438216842 118
883 0.043618724146 0.000437150938 117
884 0.043227316903 0.000435785701 116
885 0.042833280226 0.000434548976 115
886 0.042432354693 0.000433070060 114
887 0.042025390176 0.000431354006 113
888 0.041612138470 0.000431657727 112
889 0.041192565508 0.000431649091 111
890 0.040766498891 0.000431312835 110
891 0.040330348997 0.000430678492 109
892 0.039887252809 0.000429576113 108
893 0.039433566561 0.000430435567 107
894 0.038974776703 0.000431148181 106
895 0.038507273270 0.000431395445 105
896 0.038028351260 0.000431164969 104
897 0.037646819219 0.000432987887 103
898 0.037255385138 0.000434514656 102
899 0.036859803889 0.000436033938 101
900 0.036457532015 0.000437361047 100
901 0.036048394487 0.000438431436 99
902 0.035634336005 0.000439634342 98
903 0.035210423932 0.000440571434 97
904 0.034894665325 0.000437055122 96
905 0.034571001844 0.000433153587 95
906 0.034243138345 0.000428888550 94
907 0.033908224019 0.000424309818 93
908 0.033567385945 0.000419339070 92
909 0.033219056925 0.000414019017 91
910 0.032864343928 0.000408390669 90
911 0.032501599199 0.000402553601 89
912 0.032130671614 0.000396131740 88
913 0.031748553174 0.000389001235 87
914 0.031357548259 0.000381402609 86
915 0.030960216172 0.000373384629 85
916 0.030558847857 0.000365492086 84
917 0.030146486943 0.000356850743 83
918 0.029722579420 0.000347635803 82
919 0.029290933121 0.000338203717 81
920 0.028848528844 0.000328085196 80
921 0.028396312422 0.000317545001 79
922 0.028066047716 0.000314133503 78
923 0.027727204706 0.000310406671 77
924 0.027382659113 0.000306306741 76
925 0.027027333028 0.000301832127 75
926 0.026664017666 0.000297064074 74
927 0.026287610173 0.000291593505 73
928 0.025900746916 0.000285675694 72
929 0.025502986103 0.000279279092 71
930 0.025095427111 0.000272586244 70
931 0.024679621763 0.000265362872 69
932 0.024249830291 0.000257535863 68
933 0.023810668167 0.000249204551 67
934 0.023361627985 0.000240422018 66
935 0.022900458091 0.000231187876 65
936 0.022589421784 0.000229270254 64
937 0.022268511308 0.000227088957 63
938 0.021939218239 0.000224578370 62
939 0.021602839698 0.000221834395 61
940 0.021255248539 0.000218761213 60
941 0.020895874629 0.000215329790 59
942 0.020526167925 0.000211468706 58
943 0.020141393516 0.000207222836 57
944 0.019740919143 0.000202303436 56
945 0.019325882067 0.000196866682 55
946 0.018895473247 0.000190864679 54
947 0.018450891436 0.000184471401 53
948 0.017989210324 0.000177325501 52
949 0.017511766145 0.000169416839 51
950 0.017012835283 0.000160737278 50
951 0.016493539896 0.000151174688 49
952 0.015954891558 0.000140902146 48
953 0.015617286180 0.000138936547 47
954 0.015270139760 0.000136597274 46
955 0.014907564610 0.000133896706 45
956 0.014528508772 0.000130792265 44
957 0.014137086903 0.000127198907 43
958 0.013727025898 0.000123105781 42
959 0.013294287548 0.000118242750 41
960 0.012839912281 0.000112733485 40
961 0.012362235717 0.000106496475 39
962 0.011862303786 0.000099671898 38
963 0.011332385017 0.000091694154 37
964 0.010769980507 0.000082538158 36
965 0.010175438596 0.000072171108 35
966 0.009545923633 0.000060423669 34
967 0.008884901648 0.000047536833 33
968 0.008504660088 0.000044251099 32
969 0.008099886814 0.000040435629 31
970 0.007668128655 0.000036004615 30
971 0.007210375076 0.000030880403 29
972 0.006723840852 0.000025118523 28
973 0.006587069526 0.000025525060 27
974 0.006439777328 0.000025921028 26
975 0.006280701754 0.000026299938 25
976 0.006108369883 0.000026653312 24
977 0.005921052632 0.000026970046 23
978 0.005716706539 0.000027235539 22
979 0.005492898914 0.000027430492 21
980 0.005246710526 0.000027529234 20
981 0.004974607572 0.000027497340 19
982 0.004666179337 0.000027217539 18
983 0.004321465428 0.000026679672 17
984 0.003933662281 0.000025790500 16
985 0.003501461988 0.000024521113 15
986 0.002999686717 0.000022495945 14
987 0.002420715250 0.000019533491 13
988 0.001745248538 0.000015229963 12
989 0.000946969697 0.000008967516 11
990 0.000000000000 0.000000000000 10
991 0.000000000000 0.000000000000 9
992 0.000000000000 0.000000000000 8
993 0.000000000000 0.000000000000 7
994 0.000000000000 0.000000000000 6
995 0.000000000000 0.000000000000 5
996 0.000000000000 0.000000000000 4
997 0.000000000000 0.000000000000 3
998 0.000000000000 0.000000000000 2
999 0.000000000000 0.000000000000 1
