1 1.000000000000 0.000000000000 990
2 0.998526553907 0.000172319272 990
3 0.992964424879 0.000542179563 990
4 0.985602756571 0.001072289608 990
5 0.976014175388 0.002742819040 990
6 0.965935503086 0.004472329328 990
7 0.955529892082 0.006393056641 990
8 0.942311286964 0.010225139375 990
9 0.932123796269 0.011162526130 989
10 0.921164605768 0.012904894119 989
11 0.909808225295 0.014637248148 989
12 0.899917169973 0.015518124568 988
13 0.889960670833 0.016051227430 987
14 0.880071185151 0.016844388987 986
15 0.870421856621 0.017722900212 985
16 0.860725785685 0.018552831198 984
17 0.851084802968 0.019311551853 983
18 0.841599620010 0.020085530740 982
19 0.832347132093 0.020587287520 981
20 0.823206590336 0.021053120696 980
21 0.814037304750 0.021487700901 979
22 0.804980194253 0.021905388398 978
23 0.795979831498 0.022299646045 977
24 0.787093808166 0.022731464219 976
25 0.778517625037 0.023073820532 975
26 0.770183967892 0.023419182650 974
27 0.761956779845 0.023754682398 973
28 0.753607987371 0.024148375134 972
29 0.745575003774 0.024412288667 971
30 0.737793501211 0.024574592785 970
31 0.730227460894 0.024735515028 969
32 0.722794727190 0.024898670672 968
33 0.715218670418 0.024980539107 967
34 0.707701824207 0.024971642944 966
35 0.700251805902 0.024961376990 965
36 0.693048935975 0.025045018486 964
37 0.685885771387 0.025119188728 963
38 0.678849555427 0.025110373109 962
39 0.671928777320 0.025026281412 961
40 0.665050629766 0.024950343379 960
41 0.658172285586 0.024892136404 959
42 0.651440771674 0.024863355040 958
43 0.644770380820 0.024853380775 957
44 0.638151258176 0.024798870151 956
45 0.631651040676 0.024788407592 955
46 0.625144819943 0.024726575491 954
47 0.618701391906 0.024700624375 953
48 0.612341182702 0.024684195084 952
49 0.605979304720 0.024715631530 951
50 0.599801247848 0.024756073650 950
51 0.593609811068 0.024779971606 949
52 0.587526259165 0.024798317737 948
53 0.581576668420 0.024791223231 947
54 0.575687585115 0.024760950354 946
55 0.569853746324 0.024674803427 945
56 0.564077530363 0.024539471089 944
57 0.558433722595 0.024364270448 943
58 0.552780839609 0.024169076624 942
59 0.547227054910 0.024034252052 941
60 0.541715695339 0.023875475305 940
61 0.536330641453 0.023730563829 939
62 0.531116407218 0.023636222943 938
63 0.526002167279 0.023544311148 937
64 0.520937014903 0.023352689396 936
65 0.515925875683 0.023157926975 935
66 0.511027880425 0.022949110627 934
67 0.506253845558 0.022757372274 933
68 0.501519834036 0.022566773208 932
69 0.496783827482 0.022396979801 931
70 0.492204169264 0.022213263678 930
71 0.487684611318 0.022060478392 929
72 0.483216372982 0.021887077324 928
73 0.478750235963 0.021690389933 927
74 0.474313272363 0.021493377853 926
75 0.470010272824 0.021295097046 925
76 0.465743868303 0.021099399618 924
77 0.461462088388 0.020917666244 923
78 0.457284339065 0.020679813500 922
79 0.453136389897 0.020435954737 921
80 0.448991051201 0.020182232512 920
81 0.444816312328 0.019929843798 919
82 0.440721924887 0.019686797211 918
83 0.436610999935 0.019405294626 917
84 0.432776234364 0.019148585908 916
85 0.428977361993 0.018927194829 915
86 0.425269235371 0.018677926127 914
87 0.421571378456 0.018439012811 913
88 0.417844459062 0.018222948066 912
89 0.414081968360 0.017960469128 911
90 0.410371059646 0.017731758575 910
91 0.406705134073 0.017505545640 909
92 0.403037273940 0.017264275102 908
93 0.399474995056 0.017081192503 907
94 0.395936958002 0.016927355444 906
95 0.392485927426 0.016792208708 905
96 0.389013397880 0.016638717954 904
97 0.385544202758 0.016501946593 903
98 0.382109132034 0.016359102188 902
99 0.378735133997 0.016209984567 901
100 0.375459667670 0.016092642121 900
101 0.372182363367 0.015975991041 899
102 0.368907416673 0.015878306754 898
103 0.365616822137 0.015750591008 897
104 0.362360713047 0.015647379510 896
105 0.359094405704 0.015548639520 895
106 0.355840774258 0.015466747206 894
107 0.352601227988 0.015377504469 893
108 0.349368698062 0.015287421436 892
109 0.346166393301 0.015201903563 891
110 0.342968296766 0.015109351118 890
111 0.339764968736 0.015006565115 889
112 0.336652551460 0.014887426704 888
113 0.333512832785 0.014760271983 887
114 0.330366001229 0.014626060674 886
115 0.327206241325 0.014487558995 885
116 0.324056774392 0.014358115085 884
117 0.320968301565 0.014235505462 883
118 0.317858355918 0.014126319064 882
119 0.314888150452 0.014029014479 881
120 0.311899816642 0.013928746308 880
121 0.308912786167 0.013813806212 879
122 0.306056284944 0.013687317993 878
123 0.303186811985 0.013546145938 877
124 0.300294750370 0.013386231495 876
125 0.297418491071 0.013240706471 875
126 0.294549227046 0.013102776324 874
127 0.291678903624 0.012943379147 873
128 0.288796078850 0.012780808129 872
129 0.285888222638 0.012619663379 871
130 0.283005087853 0.012468300954 870
131 0.280143620920 0.012343036185 869
132 0.277328237580 0.012196433163 868
133 0.274549659747 0.012064040478 867
134 0.271762305467 0.011931259444 866
135 0.269004411974 0.011751737788 865
136 0.266240163812 0.011571960732 864
137 0.263447610756 0.011369218193 863
138 0.260651907245 0.011153233100 862
139 0.257882550441 0.010953918155 861
140 0.255164932473 0.010786945416 860
141 0.252452092875 0.010630079711 859
142 0.249678527379 0.010447843748 858
143 0.246879150891 0.010259550989 857
144 0.244161042405 0.010083083097 856
145 0.241476259710 0.009897112008 855
146 0.238833076458 0.009693149721 854
147 0.236210924654 0.009503455702 853
148 0.233596613053 0.009317032778 852
149 0.231098152788 0.009151961872 851
150 0.228593083695 0.008989256699 850
151 0.226144859750 0.008828502394 849
152 0.223691150941 0.008665743971 848
153 0.221214581411 0.008509113400 847
154 0.218737277126 0.008339767282 846
155 0.216397897372 0.008216395815 845
156 0.214102314759 0.008102620035 844
157 0.211784425036 0.008008631167 843
158 0.209533373464 0.007921258062 842
159 0.207282467205 0.007842593415 841
160 0.205138791890 0.007780246487 840
161 0.203084928138 0.007728277178 839
162 0.201025071665 0.007677817089 838
163 0.198894497504 0.007604468422 837
164 0.196823398046 0.007503487625 836
165 0.194768608270 0.007413067700 835
166 0.192755766627 0.007326821153 834
167 0.190796180011 0.007247057199 833
168 0.188888073140 0.007152290209 832
169 0.186965839027 0.007058215713 831
170 0.185042696577 0.006966569936 830
171 0.183130937880 0.006886832799 829
172 0.181201290198 0.006801334662 828
173 0.179312514185 0.006720082120 827
174 0.177490646568 0.006647132561 826
175 0.175662335807 0.006575288788 825
176 0.173900483244 0.006509162422 824
177 0.172164770403 0.006453159110 823
178 0.170453580962 0.006388618858 822
179 0.168740313770 0.006333500535 821
180 0.167087712255 0.006291392341 820
181 0.165423325761 0.006258501729 819
182 0.163746344094 0.006220718002 818
183 0.162115781749 0.006184058814 817
184 0.160549204080 0.006155267096 816
185 0.158965610423 0.006114371580 815
186 0.157377180091 0.006071342564 814
187 0.155787840922 0.006021086300 813
188 0.154195244081 0.005972787347 812
189 0.152637403819 0.005910104204 811
190 0.151079061024 0.005842758346 810
191 0.149501597452 0.005767769957 809
192 0.147929532141 0.005686099588 808
193 0.146348973395 0.005597550650 807
194 0.144760847019 0.005512764410 806
195 0.143151194570 0.005430672693 805
196 0.141554298906 0.005362987779 804
197 0.139946920608 0.005284687286 803
198 0.138424877386 0.005210424240 802
199 0.136999870803 0.005134343128 801
200 0.135573642426 0.005057034748 800
201 0.134240181943 0.004981031822 799
202 0.132905304098 0.004916512425 798
203 0.131617686471 0.004841858971 797
204 0.130333866628 0.004765772301 796
205 0.129052114454 0.004693505797 795
206 0.127827352691 0.004614666810 794
207 0.126610237975 0.004540143595 793
208 0.125387961701 0.004464327397 792
209 0.124147070389 0.004375947827 791
210 0.122960424501 0.004293061063 790
211 0.121748595748 0.004202500788 789
212 0.120526273530 0.004104860444 788
213 0.119325190241 0.004022741243 787
214 0.118120525350 0.003935866996 786
215 0.116930723258 0.003851238685 785
216 0.115863890225 0.003773494243 784
217 0.114793831757 0.003714539355 783
218 0.113816048348 0.003649221156 782
219 0.112848755496 0.003584028715 781
220 0.111882980324 0.003524330824 780
221 0.110912150037 0.003464927022 779
222 0.109947062168 0.003410203423 778
223 0.108994438821 0.003361555081 777
224 0.108056559592 0.003322631560 776
225 0.107096391841 0.003275254455 775
226 0.106191745160 0.003233279194 774
227 0.105358993243 0.003191351351 773
228 0.104539135927 0.003150029625 772
229 0.103730594358 0.003112917381 771
230 0.102917561716 0.003076348071 770
231 0.102101795479 0.003036531416 769
232 0.101288200317 0.003002661506 768
233 0.100523507546 0.002966366756 767
234 0.099767373836 0.002930139222 766
235 0.099015825122 0.002897087769 765
236 0.098269110102 0.002868165372 764
237 0.097504473981 0.002833103215 763
238 0.096736575757 0.002796526285 762
239 0.095963755736 0.002757676343 761
240 0.095200771065 0.002719882357 760
241 0.094430976222 0.002681458866 759
242 0.093658785531 0.002643653989 758
243 0.092904386320 0.002610821437 757
244 0.092152190554 0.002579474423 756
245 0.091392696458 0.002542381877 755
246 0.090636298184 0.002509259799 754
247 0.089866175880 0.002472084396 753
248 0.089094813312 0.002435054563 752
249 0.088325289961 0.002397307254 751
250 0.087562625733 0.002366305877 750
251 0.086786621703 0.002336584222 749
252 0.086071066376 0.002311572872 748
253 0.085343680733 0.002281456468 747
254 0.084627686345 0.002256974661 746
255 0.083894781639 0.002237501054 745
256 0.083180199180 0.002221649762 744
257 0.082455203243 0.002208778438 743
258 0.081737539819 0.002194999273 742
259 0.081012799323 0.002178015832 741
260 0.080288911170 0.002159611592 740
261 0.079558993172 0.002144765205 739
262 0.078822847810 0.002125066708 738
263 0.078076056463 0.002112907883 737
264 0.077332287192 0.002101670114 736
265 0.076578822533 0.002088901319 735
266 0.075841409635 0.002078169235 734
267 0.075154324228 0.002072513896 733
268 0.074460307341 0.002066332553 732
269 0.073756436319 0.002057159793 731
270 0.073057032247 0.002049446536 730
271 0.072345562790 0.002039988733 729
272 0.071639388442 0.002029014962 728
273 0.070909116687 0.002014055569 727
274 0.070187431545 0.001999456392 726
275 0.069474981628 0.001984967924 725
276 0.068769734106 0.001976003330 724
277 0.068071731643 0.001969104527 723
278 0.067388593989 0.001961719550 722
279 0.066700960994 0.001951527331 721
280 0.065998824952 0.001938306682 720
281 0.065359357587 0.001924244499 719
282 0.064719729314 0.001909142171 718
283 0.064083618652 0.001892615929 717
284 0.063445305266 0.001876913002 716
285 0.062864936867 0.001855946476 715
286 0.062285667188 0.001835071559 714
287 0.061703938655 0.001813968328 713
288 0.061140316699 0.001795566843 712
289 0.060572820079 0.001777822048 711
290 0.060005970120 0.001760526358 710
291 0.059434404519 0.001740595914 709
292 0.058871045449 0.001719962397 708
293 0.058294241909 0.001695376136 707
294 0.057723325069 0.001670538127 706
295 0.057148811964 0.001645202018 705
296 0.056572337561 0.001618468486 704
297 0.055997367571 0.001593257796 703
298 0.055431908122 0.001568682667 702
299 0.054862640713 0.001543896088 701
300 0.054305308265 0.001525915424 700
301 0.053738219316 0.001506892725 699
302 0.053174097346 0.001487049196 698
303 0.052608540599 0.001466902823 697
304 0.052108393451 0.001449128559 696
305 0.051610684385 0.001435784501 695
306 0.051111540999 0.001421904414 694
307 0.050602050646 0.001406980474 693
308 0.050097407459 0.001392615760 692
309 0.049642676412 0.001373438527 691
310 0.049191107258 0.001355115264 690
311 0.048733019542 0.001333622857 689
312 0.048272963805 0.001310956943 688
313 0.047819559170 0.001292232809 687
314 0.047371338392 0.001273961108 686
315 0.046926176642 0.001253453637 685
316 0.046485399841 0.001234421415 684
317 0.046025986495 0.001213538997 683
318 0.045569595045 0.001191132812 682
319 0.045107033022 0.001168228923 681
320 0.044648111678 0.001146148097 680
321 0.044244775134 0.001123581335 679
322 0.043842187031 0.001101409791 678
323 0.043482680697 0.001086519136 677
324 0.043134146766 0.001072898161 676
325 0.042869805672 0.001063207691 675
326 0.042614399757 0.001053444455 674
327 0.042358779114 0.001043432483 673
328 0.042094591242 0.001033221067 672
329 0.041836673406 0.001023409599 671
330 0.041576011411 0.001013455741 670
331 0.041314074815 0.001003439075 669
332 0.041057769717 0.000993213553 668
333 0.040792631873 0.000982772941 667
334 0.040532112934 0.000973923801 666
335 0.040265387221 0.000963606056 665
336 0.039989425177 0.000951136341 664
337 0.039712630668 0.000938476010 663
338 0.039444696988 0.000926762073 662
339 0.039229689896 0.000917145733 661
340 0.039019770476 0.000908459544 660
341 0.038802247898 0.000899980668 659
342 0.038583593612 0.000890822801 658
343 0.038366810496 0.000882382203 657
344 0.038149838434 0.000873551772 656
345 0.037935123869 0.000864260761 655
346 0.037724849524 0.000855712907 654
347 0.037509901170 0.000846938776 653
348 0.037294293466 0.000838044899 652
349 0.037081059140 0.000829615105 651
350 0.036864604605 0.000821047669 650
351 0.036647483031 0.000816870906 649
352 0.036429691328 0.000812586531 648
353 0.036208426399 0.000807681165 647
354 0.035989280764 0.000803176719 646
355 0.035769455608 0.000798561810 645
356 0.035551330172 0.000793516476 644
357 0.035338709940 0.000788955814 643
358 0.035134149260 0.000784912119 642
359 0.034928950324 0.000780771725 641
360 0.034717448911 0.000775962853 640
361 0.034507893763 0.000771508060 639
362 0.034297681702 0.000766951061 638
363 0.034086809635 0.000762290960 637
364 0.033872167083 0.000757461020 636
365 0.033663041887 0.000752711729 635
366 0.033450399585 0.000747807452 634
367 0.033245213276 0.000743360239 633
368 0.033041811918 0.000738844487 632
369 0.032840023394 0.000734976934 631
370 0.032635103115 0.000731069060 630
371 0.032427085376 0.000726647282 629
372 0.032223739644 0.000722218532 628
373 0.032024857128 0.000718159817 627
374 0.031822881599 0.000713586586 626
375 0.031684259748 0.000712545252 625
376 0.031547270994 0.000711865457 624
377 0.031409842469 0.000711491024 623
378 0.031274262247 0.000711107096 622
379 0.031138245373 0.000710684989 621
380 0.030999492152 0.000709846401 620
381 0.030862427534 0.000708989978 619
382 0.030727616213 0.000708147543 618
383 0.030584237071 0.000706705750 617
384 0.030435036835 0.000705102443 616
385 0.030285351395 0.000703449183 615
386 0.030140902722 0.000702276504 614
387 0.029992758810 0.000701315639 613
388 0.029847806286 0.000699684170 612
389 0.029703594807 0.000697979458 611
390 0.029557554998 0.000696147152 610
391 0.029406411458 0.000693739448 609
392 0.029255995665 0.000691353125 608
393 0.029093408957 0.000687513869 607
394 0.028927934995 0.000683567346 606
395 0.028759371101 0.000679499491 605
396 0.028590249049 0.000675361057 604
397 0.028423843481 0.000671256574 603
398 0.028256885071 0.000667082798 602
399 0.028089371059 0.000662839103 601
400 0.027927611798 0.000659822301 600
401 0.027765312440 0.000656742831 599
402 0.027602470274 0.000653600116 598
403 0.027439082573 0.000650393571 597
404 0.027280524324 0.000647716876 596
405 0.027124018755 0.000645449011 595
406 0.026972434204 0.000643271147 594
407 0.026817744036 0.000640568232 593
408 0.026662069894 0.000638183840 592
409 0.026508107093 0.000635786838 591
410 0.026353622385 0.000633334061 590
411 0.026188507200 0.000629700337 589
412 0.026020213968 0.000625930327 588
413 0.025854433526 0.000622193736 587
414 0.025684995823 0.000617758296 586
415 0.025511600582 0.000612521045 585
416 0.025337611521 0.000607205417 584
417 0.025163025585 0.000601810697 583
418 0.024987839698 0.000596336164 582
419 0.024805531176 0.000590536580 581
420 0.024622594004 0.000584650180 580
421 0.024435286579 0.000578510936 579
422 0.024250750209 0.000573026324 578
423 0.024059260591 0.000566608374 577
424 0.023877725994 0.000561157659 576
425 0.023764586724 0.000561634534 575
426 0.023654209328 0.000562206760 574
427 0.023539669179 0.000562582762 573
428 0.023421561418 0.000562812405 572
429 0.023310003361 0.000563313175 571
430 0.023198053872 0.000563790680 570
431 0.023085710887 0.000564244666 569
432 0.022972972329 0.000564674875 568
433 0.022862775551 0.000565186702 567
434 0.022752189385 0.000565675923 566
435 0.022637380786 0.000565959185 565
436 0.022522165065 0.000566216950 564
437 0.022403579720 0.000566339831 563
438 0.022284572363 0.000566434874 562
439 0.022165140738 0.000566501780 561
440 0.022052123943 0.000566841358 560
441 0.021944003266 0.000567332202 559
442 0.021832942190 0.000567720041 558
443 0.021714834281 0.000567794839 557
444 0.021596301523 0.000567841856 556
445 0.021480113623 0.000567959208 555
446 0.021360729265 0.000567950595 554
447 0.021240913138 0.000567913291 553
448 0.021123449962 0.000567947924 552
449 0.021008145725 0.000568041506 551
450 0.020896357658 0.000568310522 550
451 0.020787762139 0.000568725877 549
452 0.020668614650 0.000568654339 548
453 0.020549031521 0.000568553991 547
454 0.020429010359 0.000568424518 546
455 0.020305725887 0.000568158764 545
456 0.020181988163 0.000567861466 544
457 0.020057794683 0.000567532282 543
458 0.019939974962 0.000567492856 542
459 0.019820351838 0.000567306004 541
460 0.019694798698 0.000566883142 540
461 0.019568779683 0.000566427008 539
462 0.019442292196 0.000565937239 538
463 0.019312229958 0.000565279890 537
464 0.019181682413 0.000564586066 536
465 0.019043566692 0.000563508253 535
466 0.018904933683 0.000562388038 534
467 0.018769841456 0.000561450502 533
468 0.018634241363 0.000560472736 532
469 0.018498130535 0.000559454305 531
470 0.018361506082 0.000558394768 530
471 0.018228100977 0.000557489741 529
472 0.018107952179 0.000557222221 528
473 0.017990266689 0.000557048672 527
474 0.017872133726 0.000556846606 526
475 0.017753550733 0.000556615699 525
476 0.017642938644 0.000556707112 524
477 0.017532316011 0.000556806606 523
478 0.017418540607 0.000556770910 522
479 0.017304109712 0.000556691345 521
480 0.017192197277 0.000556715548 520
481 0.017077108877 0.000556601180 519
482 0.016961576121 0.000556459726 518
483 0.016836421207 0.000555869680 517
484 0.016710781196 0.000555245837 516
485 0.016584653263 0.000554587817 515
486 0.016454510058 0.000553711140 514
487 0.016316758202 0.000552420833 513
488 0.016174929983 0.000550900522 512
489 0.016032546663 0.000549333793 511
490 0.015889604977 0.000547720136 510
491 0.015746101635 0.000546059032 509
492 0.015602033319 0.000544349958 508
493 0.015457396685 0.000542592385 507
494 0.015316094067 0.000541013497 506
495 0.015170318399 0.000539158905 505
496 0.015027885456 0.000537485083 504
497 0.014877028188 0.000535298824 503
498 0.014725569896 0.000533058067 502
499 0.014573506980 0.000530762210 501
500 0.014435697472 0.000529265535 500
501 0.014300966071 0.000527929939 499
502 0.014165693580 0.000526552455 498
503 0.014029876733 0.000525132609 497
504 0.013890152022 0.000523488864 496
505 0.013753229770 0.000521981563 495
506 0.013622241291 0.000520773594 494
507 0.013490230211 0.000519481515 493
508 0.013356688917 0.000518057741 492
509 0.013219909673 0.000516467527 491
510 0.013083362131 0.000514907812 490
511 0.012935363801 0.000512664402 489
512 0.012786758921 0.000510367721 488
513 0.012629676877 0.000507522782 487
514 0.012468220845 0.000504392065 486
515 0.012310561906 0.000501501494 485
516 0.012156334716 0.000498812833 484
517 0.012001468904 0.000496065171 483
518 0.011845960496 0.000493257842 482
519 0.011697338099 0.000490855370 481
520 0.011544322288 0.000488164238 480
521 0.011386541725 0.000485141800 479
522 0.011323194183 0.000484234557 478
523 0.011263075093 0.000483522086 477
524 0.011195396131 0.000482353017 476
525 0.011127432206 0.000481169808 475
526 0.011059181512 0.000479972310 474
527 0.010990642232 0.000478760372 473
528 0.010917625488 0.000477252922 472
529 0.010848494628 0.000476010474 471
530 0.010774864732 0.000474469801 470
531 0.010696305707 0.000472580849 469
532 0.010617410959 0.000470671402 468
533 0.010533079933 0.000468350978 467
534 0.010453496312 0.000466398254 466
535 0.010373570395 0.000464424382 465
536 0.010288168607 0.000462033835 464
537 0.010207540359 0.000460015324 463
538 0.010126563070 0.000457974988 462
539 0.010040069715 0.000455512158 461
540 0.009953200301 0.000453023560 460
541 0.009871139631 0.000450912921 459
542 0.009788720618 0.000448779509 458
543 0.009700730948 0.000446215601 457
544 0.009622323460 0.000444384630 456
545 0.009533581314 0.000441770222 455
546 0.009444448233 0.000439128443 454
547 0.009349112404 0.000435971452 453
548 0.009253354734 0.000432782193 452
549 0.009150689100 0.000428977614 451
550 0.009054064901 0.000425720255 450
551 0.008957010304 0.000422429589 449
552 0.008859522427 0.000419105267 448
553 0.008761598364 0.000415746936 447
554 0.008663235178 0.000412354238 446
555 0.008557859178 0.000408328448 445
556 0.008444648209 0.000403544664 444
557 0.008330926129 0.000398713476 443
558 0.008216689470 0.000393834387 442
559 0.008101934731 0.000388906892 441
560 0.007986658379 0.000383930482 440
561 0.007870856851 0.000378904642 439
562 0.007761987676 0.000374566475 438
563 0.007652620244 0.000370184585 437
564 0.007535255773 0.000365014211 436
565 0.007417351696 0.000359792326 435
566 0.007298904282 0.000354518382 434
567 0.007187457050 0.000349946641 433
568 0.007075493859 0.000345328720 432
569 0.006955428811 0.000339902401 431
570 0.006834805322 0.000334421810 430
571 0.006713619485 0.000328886365 429
572 0.006583277474 0.000322366493 428
573 0.006452324962 0.000315781866 427
574 0.006320757650 0.000309131786 426
575 0.006188571197 0.000302415547 425
576 0.006055761224 0.000295632433 424
577 0.005931014727 0.000289733172 423
578 0.005805677014 0.000283774607 422
579 0.005679743873 0.000277756092 421
580 0.005544457549 0.000270712110 420
581 0.005398581155 0.000262420634 419
582 0.005270770274 0.000256203809 418
583 0.005142346391 0.000249924261 417
584 0.005013305086 0.000243581299 416
585 0.004883641895 0.000237174224 415
586 0.004753352311 0.000230702327 414
587 0.004630344555 0.000224996733 413
588 0.004506739674 0.000219232959 412
589 0.004389647608 0.000214117625 411
590 0.004278402846 0.000209553575 410
591 0.004160179921 0.000204335500 409
592 0.004034210864 0.000198346227 408
593 0.003914807011 0.000193016594 407
594 0.003787613049 0.000186907434 406
595 0.003659790969 0.000180735510 405
596 0.003531336106 0.000174500111 404
597 0.003394134634 0.000167328119 403
598 0.003264379855 0.000160959328 402
599 0.003133977921 0.000154524848 401
600 0.003002923977 0.000148023930 400
601 0.002871213121 0.000141455818 399
602 0.002738840401 0.000134819742 398
603 0.002605800816 0.000128114925 397
604 0.002472089314 0.000121340578 396
605 0.002351765490 0.000115914551 395
606 0.002224151750 0.000109776070 394
607 0.002095888576 0.000103573531 393
608 0.001966970999 0.000097306190 392
609 0.001837393997 0.000090973297 391
610 0.001707152497 0.000084574088 390
611 0.001576241375 0.000078107791 389
612 0.001444655453 0.000071573621 388
613 0.001312389501 0.000064970784 387
614 0.001179438233 0.000058298475 386
615 0.001052631579 0.000052243048 385
616 0.000925164474 0.000046123670 384
617 0.000797031744 0.000039939587 383
618 0.000668228162 0.000033690032 382
619 0.000538748446 0.000027374228 381
620 0.000408587258 0.000020991389 380
621 0.000277739203 0.000014540714 379
622 0.000139236981 0.000007308875 378
623 0.000000000000 0.000000000000 377
624 0.000000000000 0.000000000000 376
625 0.000000000000 0.000000000000 375
626 0.000000000000 0.000000000000 374
627 0.000000000000 0.000000000000 373
628 0.000000000000 0.000000000000 372
629 0.000000000000 0.000000000000 371
630 0.000000000000 0.000000000000 370
631 0.000000000000 0.000000000000 369
632 0.000000000000 0.000000000000 368
633 0.000000000000 0.000000000000 367
634 0.000000000000 0.000000000000 366
635 0.000000000000 0.000000000000 365
636 0.000000000000 0.000000000000 364
637 0.000000000000 0.000000000000 363
638 0.000000000000 0.000000000000 362
639 0.000000000000 0.000000000000 361
640 0.000000000000 0.000000000000 360
641 0.000000000000 0.000000000000 359
642 0.000000000000 0.000000000000 358
643 0.000000000000 0.000000000000 357
644 0.000000000000 0.000000000000 356
645 0.000000000000 0.000000000000 355
646 0.000000000000 0.000000000000 354
647 0.000000000000 0.000000000000 353
648 0.000000000000 0.000000000000 352
649 0.000000000000 0.000000000000 351
650 0.000000000000 0.000000000000 350
651 0.000000000000 0.000000000000 349
652 0.000000000000 0.000000000000 348
653 0.000000000000 0.000000000000 347
654 0.000000000000 0.000000000000 346
655 0.000000000000 0.000000000000 345
656 0.000000000000 0.000000000000 344
657 0.000000000000 0.000000000000 343
658 0.000000000000 0.000000000000 342
659 0.000000000000 0.000000000000 341
660 0.000000000000 0.000000000000 340
661 0.000000000000 0.000000000000 339
662 0.000000000000 0.000000000000 338
663 0.000000000000 0.000000000000 337
664 0.000000000000 0.000000000000 336
665 0.000000000000 0.000000000000 335
666 0.000000000000 0.000000000000 334
667 0.000000000000 0.000000000000 333
668 0.000000000000 0.000000000000 332
669 0.000000000000 0.000000000000 331
670 0.000000000000 0.000000000000 330
671 0.000000000000 0.000000000000 329
672 0.000000000000 0.000000000000 328
673 0.000000000000 0.000000000000 327
674 0.000000000000 0.000000000000 326
675 0.000000000000 0.000000000000 325
676 0.000000000000 0.000000000000 324
677 0.000000000000 0.000000000000 323
678 0.000000000000 0.000000000000 322
679 0.000000000000 0.000000000000 321
680 0.000000000000 0.000000000000 320
681 0.000000000000 0.000000000000 319
682 0.000000000000 0.000000000000 318
683 0.000000000000 0.000000000000 317
684 0.000000000000 0.000000000000 316
685 0.000000000000 0.000000000000 315
686 0.000000000000 0.000000000000 314
687 0.000000000000 0.000000000000 313
688 0.000000000000 0.000000000000 312
689 0.000000000000 0.000000000000 311
690 0.000000000000 0.000000000000 310
691 0.000000000000 0.000000000000 309
692 0.000000000000 0.000000000000 308
693 0.000000000000 0.000000000000 307
694 0.000000000000 0.000000000000 306
695 0.000000000000 0.000000000000 305
696 0.000000000000 0.000000000000 304
697 0.000000000000 0.000000000000 303
698 0.000000000000 0.000000000000 302
699 0.000000000000 0.000000000000 301
700 0.000000000000 0.000000000000 300
701 0.000000000000 0.000000000000 299
702 0.000000000000 0.000000000000 298
703 0.000000000000 0.000000000000 297
704 0.000000000000 0.000000000000 296
705 0.000000000000 0.000000000000 295
706 0.000000000000 0.000000000000 294
707 0.000000000000 0.000000000000 293
708 0.000000000000 0.000000000000 292
709 0.000000000000 0.000000000000 291
710 0.000000000000 0.000000000000 290
711 0.000000000000 0.000000000000 289
712 0.000000000000 0.000000000000 288
713 0.000000000000 0.000000000000 287
714 0.000000000000 0.000000000000 286
715 0.000000000000 0.000000000000 285
716 0.000000000000 0.000000000000 284
717 0.000000000000 0.000000000000 283
718 0.000000000000 0.000000000000 282
719 0.000000000000 0.000000000000 281
720 0.000000000000 0.000000000000 280
721 0.000000000000 0.000000000000 279
722 0.000000000000 0.000000000000 278
723 0.000000000000 0.000000000000 277
724 0.000000000000 0.000000000000 276
725 0.000000000000 0.000000000000 275
726 0.000000000000 0.000000000000 274
727 0.000000000000 0.000000000000 273
728 0.000000000000 0.000000000000 272
729 0.000000000000 0.000000000000 271
730 0.000000000000 0.000000000000 270
731 0.000000000000 0.000000000000 269
732 0.000000000000 0.000000000000 268
733 0.000000000000 0.000000000000 267
734 0.000000000000 0.000000000000 266
735 0.000000000000 0.000000000000 265
736 0.000000000000 0.000000000000 264
737 0.000000000000 0.000000000000 263
738 0.000000000000 0.000000000000 262
739 0.000000000000 0.000000000000 261
740 0.000000000000 0.000000000000 260
741 0.000000000000 0.000000000000 259
742 0.000000000000 0.000000000000 258
743 0.000000000000 0.000000000000 257
744 0.000000000000 0.000000000000 256
745 0.000000000000 0.000000000000 255
746 0.000000000000 0.000000000000 254
747 0.000000000000 0.000000000000 253
748 0.000000000000 0.000000000000 252
749 0.000000000000 0.000000000000 251
750 0.000000000000 0.000000000000 250
751 0.000000000000 0.000000000000 249
752 0.000000000000 0.000000000000 248
753 0.000000000000 0.000000000000 247
754 0.000000000000 0.000000000000 246
755 0.000000000000 0.000000000000 245
756 0.000000000000 0.000000000000 244
757 0.000000000000 0.000000000000 243
758 0.000000000000 0.000000000000 242
759 0.000000000000 0.000000000000 241
760 0.000000000000 0.000000000000 240
761 0.000000000000 0.000000000000 239
762 0.000000000000 0.000000000000 238
763 0.000000000000 0.000000000000 237
764 0.000000000000 0.000000000000 236
765 0.000000000000 0.000000000000 235
766 0.000000000000 0.000000000000 234
767 0.000000000000 0.000000000000 233
768 0.000000000000 0.000000000000 232
769 0.000000000000 0.000000000000 231
770 0.000000000000 0.000000000000 230
771 0.000000000000 0.000000000000 229
772 0.000000000000 0.000000000000 228
773 0.000000000000 0.000000000000 227
774 0.000000000000 0.000000000000 226
775 0.000000000000 0.000000000000 225
776 0.000000000000 0.000000000000 224
777 0.000000000000 0.000000000000 223
778 0.000000000000 0.000000000000 222
779 0.000000000000 0.000000000000 221
780 0.000000000000 0.000000000000 220
781 0.000000000000 0.000000000000 219
782 0.000000000000 0.000000000000 218
783 0.000000000000 0.000000000000 217
784 0.000000000000 0.000000000000 216
785 0.000000000000 0.000000000000 215
786 0.000000000000 0.000000000000 214
787 0.000000000000 0.000000000000 213
788 0.000000000000 0.000000000000 212
789 0.000000000000 0.000000000000 211
790 0.000000000000 0.000000000000 210
791 0.000000000000 0.000000000000 209
792 0.000000000000 0.000000000000 208
793 0.000000000000 0.000000000000 207
794 0.000000000000 0.000000000000 206
795 0.000000000000 0.000000000000 205
796 0.000000000000 0.000000000000 204
797 0.000000000000 0.000000000000 203
798 0.000000000000 0.000000000000 202
799 0.000000000000 0.000000000000 201
800 0.000000000000 0.000000000000 200
801 0.000000000000 0.000000000000 199
802 0.000000000000 0.000000000000 198
803 0.000000000000 0.000000000000 197
804 0.000000000000 0.000000000000 196
805 0.000000000000 0.000000000000 195
806 0.000000000000 0.000000000000 194
807 0.000000000000 0.000000000000 193
808 0.000000000000 0.000000000000 192
809 0.000000000000 0.000000000000 191
810 0.000000000000 0.000000000000 190
811 0.000000000000 0.000000000000 189
812 0.000000000000 0.000000000000 188
813 0.000000000000 0.000000000000 187
814 0.000000000000 0.000000000000 186
815 0.000000000000 0.000000000000 185
816 0.000000000000 0.000000000000 184
817 0.000000000000 0.000000000000 183
818 0.000000000000 0.000000000000 182
819 0.000000000000 0.000000000000 181
820 0.000000000000 0.000000000000 180
821 0.000000000000 0.000000000000 179
822 0.000000000000 0.000000000000 178
823 0.000000000000 0.000000000000 177
824 0.000000000000 0.000000000000 176
825 0.000000000000 0.000000000000 175
826 0.000000000000 0.000000000000 174
827 0.000000000000 0.000000000000 173
828 0.000000000000 0.000000000000 172
829 0.000000000000 0.000000000000 171
830 0.000000000000 0.000000000000 170
831 0.000000000000 0.000000000000 169
832 0.000000000000 0.000000000000 168
833 0.000000000000 0.000000000000 167
834 0.000000000000 0.000000000000 166
835 0.000000000000 0.000000000000 165
836 0.000000000000 0.000000000000 164
837 0.000000000000 0.000000000000 163
838 0.000000000000 0.000000000000 162
839 0.000000000000 0.000000000000 161
840 0.000000000000 0.000000000000 160
841 0.000000000000 0.000000000000 159
842 0.000000000000 0.000000000000 158
843 0.000000000000 0.000000000000 157
844 0.000000000000 0.000000000000 156
845 0.000000000000 0.000000000000 155
846 0.000000000000 0.000000000000 154
847 0.000000000000 0.000000000000 153
848 0.000000000000 0.000000000000 152
849 0.000000000000 0.000000000000 151
850 0.000000000000 0.000000000000 150
851 0.000000000000 0.000000000000 149
852 0.000000000000 0.000000000000 148
853 0.000000000000 0.000000000000 147
854 0.000000000000 0.000000000000 146
855 0.000000000000 0.000000000000 145
856 0.000000000000 0.000000000000 144
857 0.000000000000 0.000000000000 143
858 0.000000000000 0.000000000000 142
859 0.000000000000 0.000000000000 141
860 0.000000000000 0.000000000000 140
861 0.000000000000 0.000000000000 139
862 0.000000000000 0.000000000000 138
863 0.000000000000 0.000000000000 137
864 0.000000000000 0.000000000000 136
865 0.000000000000 0.000000000000 135
866 0.000000000000 0.000000000000 134
867 0.000000000000 0.000000000000 133
868 0.000000000000 0.000000000000 132
869 0.000000000000 0.000000000000 131
870 0.000000000000 0.000000000000 130
871 0.000000000000 0.000000000000 129
872 0.000000000000 0.000000000000 128
873 0.000000000000 0.000000000000 127
874 0.000000000000 0.000000000000 126
875 0.000000000000 0.000000000000 125
876 0.000000000000 0.000000000000 124
877 0.000000000000 0.000000000000 123
878 0.000000000000 0.000000000000 122
879 0.000000000000 0.000000000000 121
880 0.000000000000 0.000000000000 120
881 0.000000000000 0.000000000000 119
882 0.000000000000 0.000000000000 118
883 0.000000000000 0.000000000000 117
884 0.000000000000 0.000000000000 116
885 0.000000000000 0.000000000000 115
886 0.000000000000 0.000000000000 114
887 0.000000000000 0.000000000000 113
888 0.000000000000 0.000000000000 112
889 0.000000000000 0.000000000000 111
890 0.000000000000 0.000000000000 110
891 0.000000000000 0.000000000000 109
892 0.000000000000 0.000000000000 108
893 0.000000000000 0.000000000000 107
894 0.000000000000 0.000000000000 106
895 0.000000000000 0.000000000000 105
896 0.000000000000 0.000000000000 104
897 0.000000000000 0.000000000000 103
898 0.000000000000 0.000000000000 102
899 0.000000000000 0.000000000000 101
900 0.000000000000 0.000000000000 100
901 0.000000000000 0.000000000000 99
902 0.000000000000 0.000000000000 98
903 0.000000000000 0.000000000000 97
904 0.000000000000 0.000000000000 96
905 0.000000000000 0.000000000000 95
906 0.000000000000 0.000000000000 94
907 0.000000000000 0.000000000000 93
908 0.000000000000 0.000000000000 92
909 0.000000000000 0.000000000000 91
910 0.000000000000 0.000000000000 90
911 0.000000000000 0.000000000000 89
912 0.000000000000 0.000000000000 88
913 0.000000000000 0.000000000000 87
914 0.000000000000 0.000000000000 86
915 0.000000000000 0.000000000000 85
916 0.000000000000 0.000000000000 84
917 0.000000000000 0.000000000000 83
918 0.000000000000 0.000000000000 82
919 0.000000000000 0.000000000000 81
920 0.000000000000 0.000000000000 80
921 0.000000000000 0.000000000000 79
922 0.000000000000 0.000000000000 78
923 0.000000000000 0.000000000000 77
924 0.000000000000 0.000000000000 76
925 0.000000000000 0.000000000000 75
926 0.000000000000 0.000000000000 74
927 0.000000000000 0.000000000000 73
928 0.000000000000 0.000000000000 72
929 0.000000000000 0.000000000000 71
930 0.000000000000 0.000000000000 70
931 0.000000000000 0.000000000000 69
932 0.000000000000 0.000000000000 68
933 0.000000000000 0.000000000000 67
934 0.000000000000 0.000000000000 66
935 0.000000000000 0.000000000000 65
936 0.000000000000 0.000000000000 64
937 0.000000000000 0.000000000000 63
938 0.000000000000 0.000000000000 62
939 0.000000000000 0.000000000000 61
940 0.000000000000 0.000000000000 60
941 0.000000000000 0.000000000000 59
942 0.000000000000 0.000000000000 58
943 0.000000000000 0.000000000000 57
944 0.000000000000 0.000000000000 56
945 0.000000000000 0.000000000000 55
946 0.000000000000 0.000000000000 54
947 0.000000000000 0.000000000000 53
948 0.000000000000 0.000000000000 52
949 0.000000000000 0.000000000000 51
950 0.000000000000 0.000000000000 50
951 0.000000000000 0.000000000000 49
952 0.000000000000 0.000000000000 48
953 0.000000000000 0.000000000000 47
954 0.000000000000 0.000000000000 46
955 0.000000000000 0.000000000000 45
956 0.000000000000 0.000000000000 44
957 0.000000000000 0.000000000000 43
958 0.000000000000 0.000000000000 42
959 0.000000000000 0.000000000000 41
960 0.000000000000 0.000000000000 40
961 0.000000000000 0.000000000000 39
962 0.000000000000 0.000000000000 38
963 0.000000000000 0.000000000000 37
964 0.000000000000 0.000000000000 36
965 0.000000000000 0.000000000000 35
966 0.000000000000 0.000000000000 34
967 0.000000000000 0.000000000000 33
968 0.000000000000 0.000000000000 32
969 0.000000000000 0.000000000000 31
970 0.000000000000 0.000000000000 30
971 0.000000000000 0.000000000000 29
972 0.000000000000 0.000000000000 28
973 0.000000000000 0.000000000000 27
974 0.000000000000 0.000000000000 26
975 0.000000000000 0.000000000000 25
976 0.000000000000 0.000000000000 24
977 0.000000000000 0.000000000000 23
978 0.000000000000 0.000000000000 22
979 0.000000000000 0.000000000000 21
980 0.000000000000 0.000000000000 20
981 0.000000000000 0.000000000000 19
982 0.000000000000 0.000000000000 18
983 0.000000000000 0.000000000000 17
984 0.000000000000 0.000000000000 16
985 0.000000000000 0.000000000000 15
986 0.000000000000 0.000000000000 14
987 0.000000000000 0.000000000000 13
988 0.000000000000 0.000000000000 12
989 0.000000000000 0.000000000000 11
990 0.000000000000 0.000000000000 10
991 0.000000000000 0.000000000000 9
992 0.000000000000 0.000000000000 8
993 0.000000000000 0.000000000000 7
994 0.000000000000 0.000000000000 6
995 0.000000000000 0.000000000000 5
996 0.000000000000 0.000000000000 4
997 0.000000000000 0.000000000000 3
998 0.000000000000 0.000000000000 2
999 0.000000000000 0.000000000000 1
