1 1.000000000000 0.000000000000 997
2 0.999881183057 0.000004496967 997
3 0.998494498859 0.001012174380 997
4 0.997516181248 0.001051273871 996
5 0.995434821739 0.001139995255 995
6 0.991999843679 0.001454180746 994
7 0.987770835322 0.001915237262 993
8 0.983795527037 0.002177801063 992
9 0.979891404529 0.002228843625 991
10 0.975009276841 0.002689413834 990
11 0.969693727497 0.003161825585 989
12 0.964221424360 0.003780925658 988
13 0.959085543266 0.004310875669 987
14 0.953310249187 0.005095203540 986
15 0.947534799658 0.005864285803 985
16 0.941809734418 0.006745728582 984
17 0.936037692142 0.007667755926 983
18 0.930705987920 0.008406408593 982
19 0.925514789805 0.009080587498 981
20 0.920371961089 0.009740976256 980
21 0.915241683656 0.010452470989 979
22 0.910120400072 0.011171402593 978
23 0.905076428719 0.011901953789 977
24 0.900038607182 0.012646386200 976
25 0.895024605365 0.013358350572 975
26 0.890101695108 0.014067985701 974
27 0.885193272022 0.014768383891 973
28 0.880367653417 0.015403823033 972
29 0.875746547902 0.015839186809 971
30 0.871175957077 0.016272022860 970
31 0.866607910311 0.016664009565 969
32 0.862088869226 0.017053509162 968
33 0.857592758743 0.017462499287 967
34 0.853069468387 0.017920789748 966
35 0.848651905419 0.018260803243 965
36 0.844290387284 0.018598195453 964
37 0.839957629236 0.018901744360 963
38 0.835669017054 0.019197412250 962
39 0.831426592321 0.019458429480 961
40 0.827232495068 0.019688771301 960
41 0.823039494858 0.019909181308 959
42 0.818866365375 0.020122602371 958
43 0.814706133430 0.020334514943 957
44 0.810609451339 0.020513584768 956
45 0.806631665673 0.020550917673 955
46 0.802651016151 0.020592503406 954
47 0.798724315733 0.020624414722 953
48 0.794767733548 0.020752969999 952
49 0.790826019519 0.020868018954 951
50 0.786908371046 0.020981284588 950
51 0.783046690000 0.021081822545 949
52 0.779207907428 0.021189029007 948
53 0.775381683188 0.021290029090 947
54 0.771576805596 0.021365866339 946
55 0.767770500707 0.021438192330 945
56 0.763996032056 0.021485076244 944
57 0.760268351300 0.021499903376 943
58 0.756548724579 0.021509268843 942
59 0.752853673667 0.021528908756 941
60 0.749212599203 0.021523935271 940
61 0.745622040597 0.021512990743 939
62 0.742040299579 0.021493017353 938
63 0.738465271995 0.021474836821 937
64 0.734934837602 0.021455482427 936
65 0.731437003780 0.021432028430 935
66 0.727996623530 0.021410489393 934
67 0.724598113190 0.021378127572 933
68 0.721201889328 0.021349725866 932
69 0.717811955348 0.021313902113 931
70 0.714426338615 0.021287223517 930
71 0.711047213946 0.021244212400 929
72 0.707680219189 0.021201318049 928
73 0.704310862152 0.021155767970 927
74 0.700953421937 0.021108056586 926
75 0.697608789543 0.021058560882 925
76 0.694281269880 0.020994597154 924
77 0.690963580260 0.020935705275 923
78 0.687660854393 0.020886576918 922
79 0.684382149834 0.020843656047 921
80 0.681115411221 0.020794658998 920
81 0.677850334265 0.020748844895 919
82 0.674601455760 0.020695829080 918
83 0.671380481731 0.020636152120 917
84 0.668163218498 0.020576182824 916
85 0.664974190489 0.020511083956 915
86 0.661794172779 0.020456015995 914
87 0.658623814391 0.020405002918 913
88 0.655492635719 0.020356346724 912
89 0.652379348656 0.020304961936 911
90 0.649310429740 0.020252837124 910
91 0.646257823452 0.020198699872 909
92 0.643216604484 0.020148813454 908
93 0.640189083829 0.020098222072 907
94 0.637175301991 0.020045700523 906
95 0.634184438758 0.019962580253 905
96 0.631219120305 0.019879423668 904
97 0.628263364015 0.019805738696 903
98 0.625314250046 0.019727701114 902
99 0.622380677497 0.019649817378 901
100 0.619457834738 0.019578740170 900
101 0.616547589091 0.019506080928 899
102 0.613652298689 0.019432048886 898
103 0.610757144215 0.019354725604 897
104 0.607880592565 0.019283948261 896
105 0.605001540361 0.019213977917 895
106 0.602135768347 0.019143460847 894
107 0.599270605071 0.019070458744 893
108 0.596421798657 0.019002495569 892
109 0.593626619869 0.018923413530 891
110 0.590841862099 0.018852797459 890
111 0.588065248091 0.018781847799 889
112 0.585301912265 0.018710868048 888
113 0.582541901089 0.018635660740 887
114 0.579782804763 0.018561246285 886
115 0.577025835805 0.018484838848 885
116 0.574278521803 0.018405912139 884
117 0.571568902801 0.018333560556 883
118 0.568871662668 0.018268498552 882
119 0.566204667684 0.018178905724 881
120 0.563548072265 0.018087337022 880
121 0.560900393807 0.017995560509 879
122 0.558249262685 0.017906149618 878
123 0.555620768960 0.017818614772 877
124 0.553005873949 0.017732552562 876
125 0.550390298567 0.017646330285 875
126 0.547773446770 0.017563025980 874
127 0.545169539910 0.017480428247 873
128 0.542608924055 0.017406804159 872
129 0.540078171801 0.017335240362 871
130 0.537545801652 0.017267129128 870
131 0.535011458793 0.017201872594 869
132 0.532495381151 0.017119219144 868
133 0.529978731881 0.017037000511 867
134 0.527465543008 0.016956825818 866
135 0.524976370139 0.016882499963 865
136 0.522488636085 0.016808004410 864
137 0.519996367795 0.016732393916 863
138 0.517539605077 0.016657830954 862
139 0.515083585725 0.016583183486 861
140 0.512658742532 0.016505251039 860
141 0.510262430163 0.016426553366 859
142 0.507884044850 0.016349313317 858
143 0.505501117327 0.016277016651 857
144 0.503126873990 0.016203958123 856
145 0.500763780570 0.016132467693 855
146 0.498415039753 0.016061452234 854
147 0.496088547653 0.015994242259 853
148 0.493796430913 0.015932936592 852
149 0.491512972309 0.015876078379 851
150 0.489244819792 0.015813026249 850
151 0.486974679112 0.015751699583 849
152 0.484717566014 0.015689616952 848
153 0.482495178931 0.015633478165 847
154 0.480302032188 0.015575034089 846
155 0.478104899960 0.015517567016 845
156 0.475915705074 0.015457956902 844
157 0.473727606636 0.015396499008 843
158 0.471537420835 0.015335566319 842
159 0.469352348246 0.015278628123 841
160 0.467178648478 0.015222840494 840
161 0.465029755961 0.015166528175 839
162 0.462897714425 0.015101505170 838
163 0.460782352575 0.015028119319 837
164 0.458684846696 0.014953362339 836
165 0.456584617203 0.014881678405 835
166 0.454489323785 0.014809548589 834
167 0.452393965325 0.014738611906 833
168 0.450297382872 0.014666206543 832
169 0.448212058094 0.014591647029 831
170 0.446126279707 0.014520613314 830
171 0.444075217441 0.014448961316 829
172 0.442025809870 0.014376022839 828
173 0.439987428307 0.014303642215 827
174 0.438000405529 0.014212541236 826
175 0.436028272108 0.014111203183 825
176 0.434086839352 0.014007951620 824
177 0.432139934817 0.013905644118 823
178 0.430239192030 0.013789137358 822
179 0.428337024941 0.013674712022 821
180 0.426431812334 0.013556213741 820
181 0.424543857998 0.013452203315 819
182 0.422675679024 0.013333578896 818
183 0.420802380117 0.013216097513 817
184 0.418947568042 0.013102103906 816
185 0.417091227941 0.012988767925 815
186 0.415231350303 0.012875559237 814
187 0.413374822191 0.012769072346 813
188 0.411529458327 0.012665068908 812
189 0.409682154610 0.012560599806 811
190 0.407846858911 0.012461108133 810
191 0.406010792909 0.012360690975 809
192 0.404186217721 0.012259867328 808
193 0.402358846492 0.012160638735 807
194 0.400529456873 0.012060222015 806
195 0.398698531135 0.011958745196 805
196 0.396867817576 0.011857350636 804
197 0.395047734410 0.011755868058 803
198 0.393238453904 0.011656234543 802
199 0.391445851158 0.011560676469 801
200 0.389665871477 0.011466950072 800
201 0.387870898551 0.011369498621 799
202 0.386071001115 0.011271789760 798
203 0.384280318285 0.011175101381 797
204 0.382498270595 0.011080728173 796
205 0.380713689561 0.010987111955 795
206 0.378926618599 0.010893215102 794
207 0.377133640767 0.010797170181 793
208 0.375380076786 0.010704280742 792
209 0.373621820199 0.010611670195 791
210 0.371861238881 0.010524215058 790
211 0.370114700288 0.010439183616 789
212 0.368377377373 0.010356557784 788
213 0.366670075528 0.010274004362 787
214 0.365000321491 0.010193744026 786
215 0.363332407691 0.010101486036 785
216 0.361674498765 0.010010235246 784
217 0.360024694822 0.009922347562 783
218 0.358371648900 0.009834578775 782
219 0.356716786115 0.009747370775 781
220 0.355061360033 0.009658806995 780
221 0.353402709898 0.009569908918 779
222 0.351755238238 0.009480283769 778
223 0.350103175295 0.009391423190 777
224 0.348461063146 0.009303812768 776
225 0.346845510765 0.009220921355 775
226 0.345268263449 0.009145354522 774
227 0.343698227670 0.009069970296 773
228 0.342138039621 0.008995172035 772
229 0.340576976452 0.008922312549 771
230 0.339012895421 0.008851202730 770
231 0.337464821598 0.008771638005 769
232 0.335915486550 0.008693495546 768
233 0.334358986518 0.008616751187 767
234 0.332812260280 0.008542932937 766
235 0.331274575541 0.008469055642 765
236 0.329747373539 0.008395067479 764
237 0.328217845788 0.008322304420 763
238 0.326683680512 0.008250613735 762
239 0.325144958808 0.008176590868 761
240 0.323601518692 0.008103278949 760
241 0.322081813906 0.008030457002 759
242 0.320572016139 0.007958840287 758
243 0.319059300886 0.007887704794 757
244 0.317541074315 0.007816756508 756
245 0.316021851098 0.007747828383 755
246 0.314499794615 0.007679558887 754
247 0.312975244160 0.007611985847 753
248 0.311463011133 0.007546421805 752
249 0.309950329561 0.007480809610 751
250 0.308445838367 0.007417527264 750
251 0.306968284672 0.007357728473 749
252 0.305502777199 0.007298597372 748
253 0.304033023078 0.007237912789 747
254 0.302562346799 0.007179725714 746
255 0.301090639029 0.007123873618 745
256 0.299615067511 0.007069189554 744
257 0.298135317908 0.007017549588 743
258 0.296654724002 0.006966565337 742
259 0.295198985951 0.006916490083 741
260 0.293741051925 0.006867043619 740
261 0.292299980452 0.006811262309 739
262 0.290869050923 0.006755920015 738
263 0.289437108876 0.006702794004 737
264 0.288003489682 0.006650909568 736
265 0.286597116885 0.006599873730 735
266 0.285186439883 0.006549015724 734
267 0.283791596229 0.006500374549 733
268 0.282393746248 0.006453068608 732
269 0.281009134927 0.006409297407 731
270 0.279621754776 0.006365990031 730
271 0.278231187232 0.006319987271 729
272 0.276867785291 0.006276118932 728
273 0.275498199266 0.006229023304 727
274 0.274157880395 0.006180691897 726
275 0.272836753848 0.006130727471 725
276 0.271526546280 0.006081329842 724
277 0.270226326380 0.006033780972 723
278 0.268924233366 0.005987311442 722
279 0.267647924556 0.005942215390 721
280 0.266368866143 0.005897852496 720
281 0.265087797884 0.005852468217 719
282 0.263807424440 0.005808474791 718
283 0.262543794147 0.005764871572 717
284 0.261276247529 0.005719857524 716
285 0.260018185630 0.005676529864 715
286 0.258768415087 0.005630743895 714
287 0.257516109155 0.005587056117 713
288 0.256289028919 0.005541048643 712
289 0.255088676108 0.005496505680 711
290 0.253884975737 0.005451643299 710
291 0.252693234537 0.005408216043 709
292 0.251502329202 0.005364771575 708
293 0.250323063992 0.005326599301 707
294 0.249139915919 0.005288422359 706
295 0.247989151401 0.005243329473 705
296 0.246836572356 0.005196028915 704
297 0.245698887020 0.005150408466 703
298 0.244574176988 0.005105430142 702
299 0.243446338156 0.005061314544 701
300 0.242315169408 0.005018344037 700
301 0.241182383868 0.004975062138 699
302 0.240048867878 0.004934235807 698
303 0.238913634575 0.004895504285 697
304 0.237777022645 0.004856765290 696
305 0.236640419165 0.004818989927 695
306 0.235516303377 0.004778793861 694
307 0.234403891660 0.004738689658 693
308 0.233285899799 0.004698974927 692
309 0.232166676885 0.004660341486 691
310 0.231043284687 0.004621075579 690
311 0.229917210053 0.004581972249 689
312 0.228786586284 0.004542613261 688
313 0.227651301010 0.004503474033 687
314 0.226515141540 0.004465491207 686
315 0.225389259239 0.004429037909 685
316 0.224260581652 0.004392066975 684
317 0.223129341410 0.004355701094 683
318 0.221997444563 0.004321246396 682
319 0.220861679549 0.004286460253 681
320 0.219725265163 0.004252448815 680
321 0.218583867322 0.004216443597 679
322 0.217485750744 0.004183518990 678
323 0.216386037354 0.004152557562 677
324 0.215299779402 0.004122911239 676
325 0.214211176750 0.004091148772 675
326 0.213118444382 0.004059771430 674
327 0.212042228828 0.004023369522 673
328 0.210961639366 0.003987598696 672
329 0.209879581447 0.003950998229 671
330 0.208795351171 0.003915065953 670
331 0.207710553482 0.003879187082 669
332 0.206638290834 0.003845315681 668
333 0.205565680951 0.003810723730 667
334 0.204491316791 0.003778211928 666
335 0.203411040009 0.003745521346 665
336 0.202344389048 0.003710144727 664
337 0.201274738843 0.003674085928 663
338 0.200218370761 0.003638097321 662
339 0.199193378238 0.003605356805 661
340 0.198182946844 0.003574146837 660
341 0.197168532098 0.003543246072 659
342 0.196153098151 0.003512506514 658
343 0.195134916890 0.003483209855 657
344 0.194131986082 0.003454146609 656
345 0.193125845091 0.003425835833 655
346 0.192133589561 0.003399058319 654
347 0.191138841870 0.003371548791 653
348 0.190143881506 0.003342598615 652
349 0.189177640820 0.003314532304 651
350 0.188224638611 0.003287479154 650
351 0.187302416384 0.003260912646 649
352 0.186378808196 0.003233870043 648
353 0.185470910468 0.003207252472 647
354 0.184578996564 0.003180759454 646
355 0.183687190586 0.003153831368 645
356 0.182793823938 0.003125673395 644
357 0.181899473217 0.003098293749 643
358 0.181002734522 0.003071532103 642
359 0.180104025195 0.003044623075 641
360 0.179203817689 0.003019758974 640
361 0.178301102938 0.002995681390 639
362 0.177412532652 0.002973248548 638
363 0.176520501530 0.002951239851 637
364 0.175624642678 0.002928280143 636
365 0.174726062667 0.002905784106 635
366 0.173823935447 0.002884743937 634
367 0.172939379954 0.002860684807 633
368 0.172052587534 0.002837931937 632
369 0.171165123022 0.002816578275 631
370 0.170273991364 0.002796595491 630
371 0.169380353871 0.002777549705 629
372 0.168481418517 0.002758452659 628
373 0.167579571743 0.002739750106 627
374 0.166675242903 0.002720198460 626
375 0.165769479616 0.002699222965 625
376 0.164861207207 0.002677912767 624
377 0.163966822803 0.002655991164 623
378 0.163071546773 0.002633697144 622
379 0.162171989654 0.002611269801 621
380 0.161303100484 0.002587883397 620
381 0.160467142392 0.002562800022 619
382 0.159629728870 0.002536981238 618
383 0.158808551354 0.002511832833 617
384 0.157984201790 0.002486249149 616
385 0.157172118366 0.002461321339 615
386 0.156357680621 0.002436265380 614
387 0.155542760011 0.002412000766 613
388 0.154727630013 0.002388473517 612
389 0.153929505777 0.002366762989 611
390 0.153129949109 0.002345766750 610
391 0.152326355081 0.002324722387 609
392 0.151519319266 0.002302343462 608
393 0.150745078981 0.002282346736 607
394 0.149984767259 0.002262635720 606
395 0.149225614542 0.002243464952 605
396 0.148463006750 0.002224085157 604
397 0.147700961668 0.002205162251 603
398 0.146935797221 0.002185732457 602
399 0.146185277192 0.002167116097 601
400 0.145431414966 0.002147853812 600
401 0.144674300107 0.002129367052 599
402 0.143915038072 0.002109580062 598
403 0.143167420182 0.002089298870 597
404 0.142418287049 0.002068756329 596
405 0.141717376170 0.002048747930 595
406 0.141049021082 0.002028358961 594
407 0.140378263408 0.002009607798 593
408 0.139705092101 0.001990837173 592
409 0.139030035629 0.001971612505 591
410 0.138353080345 0.001952117219 590
411 0.137675697498 0.001933710747 589
412 0.136996377002 0.001915138943 588
413 0.136314373167 0.001897475822 587
414 0.135648098531 0.001882519633 586
415 0.134981518629 0.001867085615 585
416 0.134311670425 0.001851401577 584
417 0.133639609491 0.001834915816 583
418 0.132964459253 0.001820298448 582
419 0.132287859497 0.001806984849 581
420 0.131611554304 0.001793365066 580
421 0.130951810707 0.001778890094 579
422 0.130289508731 0.001764593349 578
423 0.129624243256 0.001750379646 577
424 0.128956785734 0.001735911478 576
425 0.128285904994 0.001721082320 575
426 0.127613498635 0.001707462234 574
427 0.126937479093 0.001692942783 573
428 0.126276907336 0.001676904985 572
429 0.125613864465 0.001662405122 571
430 0.124947894247 0.001647142187 570
431 0.124280050776 0.001631798178 569
432 0.123627719860 0.001619351208 568
433 0.122993935675 0.001602787885 567
434 0.122357761257 0.001585088722 566
435 0.121700556110 0.001571849829 565
436 0.121042929056 0.001558121928 564
437 0.120383734195 0.001544001001 563
438 0.119739706851 0.001530224721 562
439 0.119092049313 0.001516210409 561
440 0.118440102815 0.001501405210 560
441 0.117823769292 0.001485454176 559
442 0.117223330885 0.001469360286 558
443 0.116621237068 0.001453250084 557
444 0.116016978078 0.001436880673 556
445 0.115409638562 0.001420555955 555
446 0.114801114065 0.001404251410 554
447 0.114207769891 0.001388864709 553
448 0.113613010155 0.001373531302 552
449 0.113016717910 0.001359593783 551
450 0.112418927507 0.001346121570 550
451 0.111818946703 0.001333270029 549
452 0.111215692172 0.001320901712 548
453 0.110647531118 0.001309931996 547
454 0.110097129968 0.001298997128 546
455 0.109545737544 0.001288092089 545
456 0.108993064171 0.001276622346 544
457 0.108461122795 0.001264487846 543
458 0.107925912881 0.001251363121 542
459 0.107389515135 0.001237882487 541
460 0.106850122306 0.001224712460 540
461 0.106327631508 0.001210600949 539
462 0.105804227853 0.001196405938 538
463 0.105277340463 0.001182402605 537
464 0.104749314167 0.001168624123 536
465 0.104219051228 0.001155566513 535
466 0.103687687223 0.001142853393 534
467 0.103152817608 0.001130110139 533
468 0.102615327327 0.001117127244 532
469 0.102093886689 0.001104275453 531
470 0.101569624377 0.001090319819 530
471 0.101043216552 0.001077493172 529
472 0.100514291504 0.001064616369 528
473 0.099984479109 0.001052051724 527
474 0.099452353857 0.001041349213 526
475 0.098918477906 0.001030294102 525
476 0.098381699717 0.001019619933 524
477 0.097862246978 0.001007792133 523
478 0.097360085892 0.000993465121 522
479 0.096855789615 0.000979286880 521
480 0.096351530520 0.000964834378 520
481 0.095844119433 0.000950131328 519
482 0.095335629349 0.000936067542 518
483 0.094846878804 0.000924313143 517
484 0.094399565288 0.000914694592 516
485 0.093948923257 0.000905080465 515
486 0.093498188559 0.000894924104 514
487 0.093044479175 0.000884302561 513
488 0.092611099198 0.000873097999 512
489 0.092174673657 0.000862181290 511
490 0.091737619597 0.000850941116 510
491 0.091299301712 0.000839249117 509
492 0.090860211933 0.000828644497 508
493 0.090420080161 0.000818400679 507
494 0.089978406203 0.000807811522 506
495 0.089533814907 0.000797283195 505
496 0.089087319936 0.000786668179 504
497 0.088638755861 0.000777301067 503
498 0.088187341653 0.000767752879 502
499 0.087735125104 0.000759565789 501
500 0.087282475318 0.000751829372 500
501 0.086846627727 0.000744263098 499
502 0.086410325266 0.000736694403 498
503 0.085972538803 0.000729157881 497
504 0.085532041165 0.000721507767 496
505 0.085090618166 0.000713483279 495
506 0.084668444074 0.000706642148 494
507 0.084244682192 0.000699261772 493
508 0.083820388006 0.000691581211 492
509 0.083418078482 0.000683858893 491
510 0.083014467281 0.000676252327 490
511 0.082609068677 0.000668168849 489
512 0.082201710910 0.000660264882 488
513 0.081791567069 0.000652554971 487
514 0.081380131857 0.000644576500 486
515 0.080967814119 0.000636892769 485
516 0.080573433230 0.000628908356 484
517 0.080179443265 0.000620851023 483
518 0.079805479459 0.000612939638 482
519 0.079430623164 0.000604789146 481
520 0.079052919345 0.000597185203 480
521 0.078674767371 0.000589483408 479
522 0.078296635364 0.000582168070 478
523 0.077918404890 0.000574811737 477
524 0.077541341039 0.000567719498 476
525 0.077163207574 0.000560174759 475
526 0.076784986293 0.000552581070 474
527 0.076404888792 0.000544678557 473
528 0.076024319121 0.000537977368 472
529 0.075643852552 0.000531180992 471
530 0.075262407134 0.000524593999 470
531 0.074879370007 0.000518126755 469
532 0.074495201317 0.000511325151 468
533 0.074107660774 0.000504810328 467
534 0.073717527130 0.000498521220 466
535 0.073326112669 0.000492408978 465
536 0.072951605870 0.000486678345 464
537 0.072575274035 0.000480589333 463
538 0.072196892128 0.000474619715 462
539 0.071838652858 0.000469880623 461
540 0.071479061030 0.000464897189 460
541 0.071116783596 0.000459856013 459
542 0.070751685044 0.000455163222 458
543 0.070384935506 0.000450668989 457
544 0.070016572321 0.000445770584 456
545 0.069644412025 0.000441133357 455
546 0.069270694077 0.000436591813 454
547 0.068896322756 0.000433312801 453
548 0.068543907611 0.000431145569 452
549 0.068189538550 0.000428710798 451
550 0.067832301974 0.000426336763 450
551 0.067474857939 0.000424364718 449
552 0.067114165063 0.000422431391 448
553 0.066754373162 0.000420532997 447
554 0.066395077753 0.000418685151 446
555 0.066054148738 0.000415042530 445
556 0.065711717797 0.000411037077 444
557 0.065369601593 0.000407103660 443
558 0.065023839587 0.000403118210 442
559 0.064676733662 0.000399374740 441
560 0.064328833841 0.000396005205 440
561 0.063980028659 0.000392954671 439
562 0.063629643326 0.000389118987 438
563 0.063279360303 0.000386271588 437
564 0.062928633278 0.000384210589 436
565 0.062576413598 0.000381986320 435
566 0.062220259385 0.000379197491 434
567 0.061861905671 0.000377144765 433
568 0.061502070122 0.000376375166 432
569 0.061139895111 0.000375272259 431
570 0.060775486488 0.000373212216 430
571 0.060406892014 0.000371655147 429
572 0.060036801712 0.000370593257 428
573 0.059662744236 0.000369038177 427
574 0.059309667723 0.000366205569 426
575 0.058954762443 0.000363088772 425
576 0.058598458491 0.000360411781 424
577 0.058264104302 0.000358918287 423
578 0.057927764306 0.000357083903 422
579 0.057590763562 0.000353444462 421
580 0.057299013076 0.000351708717 420
581 0.057004597369 0.000349612638 419
582 0.056707500562 0.000347747950 418
583 0.056408756646 0.000345700409 417
584 0.056108340513 0.000343444824 416
585 0.055807000229 0.000341620641 415
586 0.055504936661 0.000339803526 414
587 0.055200518641 0.000337241098 413
588 0.054895123221 0.000334971961 412
589 0.054588313434 0.000332505909 411
590 0.054281428929 0.000330704153 410
591 0.053973283911 0.000328807465 409
592 0.053663237051 0.000326036144 408
593 0.053377934161 0.000324490874 407
594 0.053116327186 0.000323470304 406
595 0.052853534351 0.000322294130 405
596 0.052617622825 0.000321490760 404
597 0.052381249338 0.000320695338 403
598 0.052143910948 0.000319818103 402
599 0.051906574159 0.000318910655 401
600 0.051642501311 0.000317691342 400
601 0.051378414756 0.000316495392 399
602 0.051112480853 0.000315010431 398
603 0.050846541012 0.000313389143 397
604 0.050577352885 0.000311595042 396
605 0.050306968190 0.000309723976 395
606 0.050035762377 0.000307801063 394
607 0.049762324871 0.000305674559 393
608 0.049488661573 0.000303598333 392
609 0.049211943416 0.000301130073 391
610 0.048962303652 0.000299816997 390
611 0.048710589319 0.000298389315 389
612 0.048456971302 0.000296788023 388
613 0.048203114381 0.000295059027 387
614 0.047948250367 0.000293268301 386
615 0.047692439120 0.000291424165 385
616 0.047436880160 0.000289522354 384
617 0.047178021990 0.000287345487 383
618 0.046918102110 0.000285112335 382
619 0.046657456179 0.000282687035 381
620 0.046396798391 0.000280541755 380
621 0.046134840022 0.000278282072 379
622 0.045871156308 0.000275969795 378
623 0.045605020891 0.000273442961 377
624 0.045337417305 0.000270821227 376
625 0.045068202259 0.000268033586 375
626 0.044799087741 0.000265342517 374
627 0.044531529441 0.000262841463 373
628 0.044262045343 0.000260094659 372
629 0.043990321334 0.000257156322 371
630 0.043717475184 0.000254046679 370
631 0.043442717954 0.000250675417 369
632 0.043166588911 0.000247742762 368
633 0.042887803893 0.000244524014 367
634 0.042607411818 0.000241813509 366
635 0.042324943086 0.000238946233 365
636 0.042041710635 0.000235958615 364
637 0.041755891403 0.000232730549 363
638 0.041467349367 0.000229203826 362
639 0.041176802204 0.000226333527 361
640 0.040884091214 0.000223159131 360
641 0.040589589101 0.000219896763 359
642 0.040324173663 0.000217656521 358
643 0.040058758896 0.000215343542 357
644 0.039792227538 0.000213416186 356
645 0.039524924301 0.000211364469 355
646 0.039254643860 0.000209094199 354
647 0.038982333518 0.000206705733 353
648 0.038708173609 0.000204103193 352
649 0.038431998225 0.000201320527 351
650 0.038152537082 0.000198240346 350
651 0.037872580048 0.000195476117 349
652 0.037591110968 0.000192543261 348
653 0.037308627037 0.000189487799 347
654 0.037024007856 0.000186272121 346
655 0.036736249999 0.000183317110 345
656 0.036446656137 0.000180153977 344
657 0.036158120198 0.000177026527 343
658 0.035868327342 0.000173772373 342
659 0.035577356740 0.000170328917 341
660 0.035285545697 0.000166773094 340
661 0.034991855481 0.000163030202 339
662 0.034696818347 0.000159091220 338
663 0.034456657723 0.000156644446 337
664 0.034214581871 0.000154875009 336
665 0.033971557721 0.000153044837 335
666 0.033756964289 0.000151161613 334
667 0.033571925573 0.000150574278 333
668 0.033386074940 0.000149887340 332
669 0.033236147079 0.000148948317 331
670 0.033082655726 0.000147911185 330
671 0.032929147331 0.000146877546 329
672 0.032774191083 0.000145782452 328
673 0.032617643482 0.000144594536 327
674 0.032460865818 0.000143328552 326
675 0.032305089035 0.000142105572 325
676 0.032148219834 0.000140662117 324
677 0.031991273591 0.000139262638 323
678 0.031834138489 0.000137857970 322
679 0.031676611695 0.000136460148 321
680 0.031517177471 0.000134947291 320
681 0.031357424807 0.000133456258 319
682 0.031232032176 0.000131722112 318
683 0.031106606042 0.000129976628 317
684 0.030945857735 0.000128472293 316
685 0.030819245740 0.000126664969 315
686 0.030691842905 0.000124806771 314
687 0.030563281232 0.000123508024 313
688 0.030433935857 0.000122218061 312
689 0.030304589107 0.000120972688 311
690 0.030173559596 0.000119593703 310
691 0.030043915730 0.000118810363 309
692 0.029912775616 0.000117964018 308
693 0.029781801384 0.000117159002 307
694 0.029649703825 0.000116347465 306
695 0.029516753779 0.000115510793 305
696 0.029384635796 0.000114702752 304
697 0.029251281039 0.000113876526 303
698 0.029118603454 0.000113060663 302
699 0.028985693602 0.000112203686 301
700 0.028851235993 0.000111253117 300
701 0.028715835617 0.000110229116 299
702 0.028579557853 0.000109166553 298
703 0.028443418726 0.000108094452 297
704 0.028306706507 0.000107031631 296
705 0.028167772589 0.000105838662 295
706 0.028026161716 0.000104552887 294
707 0.027883230022 0.000103223289 293
708 0.027739209986 0.000102595264 292
709 0.027592154752 0.000101798750 291
710 0.027443349481 0.000100930862 290
711 0.027293477601 0.000099999059 289
712 0.027141423315 0.000098992136 288
713 0.026987994576 0.000097861314 287
714 0.026833939658 0.000096698179 286
715 0.026677850675 0.000096105689 285
716 0.026519914785 0.000095446395 284
717 0.026360786085 0.000094768342 283
718 0.026200528813 0.000094066869 282
719 0.026036478746 0.000093254463 281
720 0.025873166555 0.000092420415 280
721 0.025710254556 0.000091628730 279
722 0.025546600747 0.000090636520 278
723 0.025380182531 0.000089571651 277
724 0.025212994593 0.000088496970 276
725 0.025043799973 0.000087332821 275
726 0.024872518466 0.000086131557 274
727 0.024699638608 0.000084854038 273
728 0.024527519908 0.000083517175 272
729 0.024354949958 0.000082164220 271
730 0.024181323915 0.000080857591 270
731 0.024005793342 0.000079383680 269
732 0.023866186017 0.000076441895 268
733 0.023724798568 0.000073356936 267
734 0.023619502653 0.000071828541 266
735 0.023515082716 0.000070284612 265
736 0.023408995707 0.000068691422 264
737 0.023301290545 0.000067039417 263
738 0.023230065367 0.000066219046 262
739 0.023158294401 0.000065382125 261
740 0.023085971351 0.000064528346 260
741 0.023012618393 0.000063647833 259
742 0.022939870944 0.000062804560 258
743 0.022864060414 0.000061854462 257
744 0.022788408600 0.000060954171 256
745 0.022712116154 0.000060070788 255
746 0.022635540252 0.000059203904 254
747 0.022558902921 0.000058326961 253
748 0.022481536226 0.000057474596 252
749 0.022403911020 0.000056634787 251
750 0.022326352650 0.000055858013 250
751 0.022248934951 0.000055116198 249
752 0.022170400577 0.000054345457 248
753 0.022090369452 0.000053537963 247
754 0.022009754889 0.000053368675 246
755 0.021930083359 0.000053273213 245
756 0.021848970865 0.000053121294 244
757 0.021767360134 0.000052928775 243
758 0.021685201434 0.000052711945 242
759 0.021601992324 0.000052482741 241
760 0.021519384570 0.000052291975 240
761 0.021435404877 0.000052126861 239
762 0.021350206447 0.000051933969 238
763 0.021264661058 0.000051743859 237
764 0.021178390709 0.000051537314 236
765 0.021092297704 0.000051322017 235
766 0.021007034629 0.000051104074 234
767 0.020920429005 0.000050846403 233
768 0.020831845723 0.000050502478 232
769 0.020742417495 0.000050176993 231
770 0.020652211631 0.000049832474 230
771 0.020561602955 0.000049488778 229
772 0.020469828142 0.000049106529 228
773 0.020378712234 0.000048706029 227
774 0.020285398943 0.000048342824 226
775 0.020192991988 0.000048036485 225
776 0.020099745594 0.000047708675 224
777 0.020005662909 0.000047360301 223
778 0.019909945269 0.000046948568 222
779 0.019811977735 0.000047244558 221
780 0.019713119586 0.000047523781 220
781 0.019612775604 0.000047795433 219
782 0.019511000991 0.000047991811 218
783 0.019408288363 0.000048168996 217
784 0.019304050282 0.000048327177 216
785 0.019199268475 0.000048472896 215
786 0.019092885820 0.000048588445 214
787 0.018985504268 0.000048682125 213
788 0.018877525567 0.000048761028 212
789 0.018769273582 0.000048798244 211
790 0.018660402696 0.000048819662 210
791 0.018549879069 0.000048826097 209
792 0.018437876680 0.000048799930 208
793 0.018325395254 0.000048766386 207
794 0.018211393775 0.000048698318 206
795 0.018096280087 0.000048603212 205
796 0.017980483938 0.000048461705 204
797 0.017862670018 0.000048273275 203
798 0.017743057537 0.000048034382 202
799 0.017622701884 0.000047773738 201
800 0.017501712684 0.000047450654 200
801 0.017429957329 0.000047869574 199
802 0.017358107697 0.000048302654 198
803 0.017284438824 0.000048727222 197
804 0.017209551008 0.000049134357 196
805 0.017133240335 0.000049541917 195
806 0.017055499430 0.000049920660 194
807 0.016975976043 0.000050267310 193
808 0.016895624288 0.000050574666 192
809 0.016815583131 0.000050877162 191
810 0.016734011980 0.000051145693 190
811 0.016650366860 0.000051365333 189
812 0.016564359266 0.000051517917 188
813 0.016475997179 0.000051634339 187
814 0.016386163089 0.000051722398 186
815 0.016294667651 0.000051801901 185
816 0.016202177696 0.000051865251 184
817 0.016108746947 0.000051949654 183
818 0.016013555123 0.000052023777 182
819 0.015915781870 0.000052092990 181
820 0.015815328571 0.000052117599 180
821 0.015712932055 0.000052088058 179
822 0.015608539191 0.000052000994 178
823 0.015502966747 0.000051890779 177
824 0.015397865001 0.000051787701 176
825 0.015290996322 0.000051644497 175
826 0.015241214952 0.000051487759 174
827 0.015190028995 0.000051329496 173
828 0.015138227513 0.000051203890 172
829 0.015084939716 0.000051076310 171
830 0.015031025003 0.000050941450 170
831 0.014978191850 0.000050828276 169
832 0.014927117049 0.000050802451 168
833 0.014875528255 0.000050735794 167
834 0.014823317910 0.000050662915 166
835 0.014772135604 0.000050609640 165
836 0.014720329125 0.000050550380 164
837 0.014667886983 0.000050484925 163
838 0.014616450107 0.000050438649 162
839 0.014568399192 0.000050429032 161
840 0.014518931288 0.000050419636 160
841 0.014471751179 0.000050508748 159
842 0.014424091792 0.000050564944 158
843 0.014376538541 0.000050642005 157
844 0.014328375634 0.000050715444 156
845 0.014280415019 0.000050780192 155
846 0.014234844407 0.000050879055 154
847 0.014188678100 0.000050974976 153
848 0.014144241887 0.000051023256 152
849 0.014097749359 0.000051048214 151
850 0.014051383477 0.000051063917 150
851 0.014003643678 0.000051048774 149
852 0.013956015381 0.000051055698 148
853 0.013909961438 0.000051073893 147
854 0.013863276619 0.000051088009 146
855 0.013815207262 0.000051102983 145
856 0.013764947371 0.000051091586 144
857 0.013714751322 0.000051102016 143
858 0.013663059679 0.000051112306 142
859 0.013609857169 0.000051055975 141
860 0.013555860757 0.000050957943 140
861 0.013501087418 0.000050852543 139
862 0.013445520263 0.000050739483 138
863 0.013388341550 0.000050623132 137
864 0.013331969322 0.000050525325 136
865 0.013274761950 0.000050419572 135
866 0.013215882459 0.000050345414 134
867 0.013155257486 0.000050267281 133
868 0.013094544627 0.000050210883 132
869 0.013033724612 0.000050175684 131
870 0.012972778111 0.000050161178 130
871 0.012911773449 0.000050134915 129
872 0.012849815589 0.000050100623 128
873 0.012787763764 0.000050054042 127
874 0.012725545017 0.000050027848 126
875 0.012662383390 0.000049960115 125
876 0.012599069063 0.000049879245 124
877 0.012535580492 0.000049784948 123
878 0.012471895974 0.000049711236 122
879 0.012407993613 0.000049657617 121
880 0.012342184462 0.000049564750 120
881 0.012275269275 0.000049426267 119
882 0.012205454947 0.000049246742 118
883 0.012134447212 0.000049054148 117
884 0.012062215205 0.000048847887 116
885 0.011989623264 0.000048624038 115
886 0.011916643833 0.000048382137 114
887 0.011841478836 0.000048128222 113
888 0.011763092502 0.000047824075 112
889 0.011682346083 0.000047504529 111
890 0.011600131547 0.000047165775 110
891 0.011516408488 0.000046806913 109
892 0.011431135001 0.000046426994 108
893 0.011344267618 0.000046025021 107
894 0.011255761228 0.000045599941 106
895 0.011165569001 0.000045193042 105
896 0.011075644888 0.000044839841 104
897 0.010981952654 0.000044383739 103
898 0.010886423317 0.000043900619 102
899 0.010789002310 0.000043389134 101
900 0.010689632883 0.000042847865 100
901 0.010589318586 0.000042318199 99
902 0.010488052857 0.000041756704 98
903 0.010386846271 0.000041161708 97
904 0.010282435415 0.000040576845 96
905 0.010179955617 0.000040118515 95
906 0.010073250161 0.000039549642 94
907 0.009965293712 0.000038985923 93
908 0.009855078734 0.000038345218 92
909 0.009742441448 0.000037665329 91
910 0.009628379651 0.000036987095 90
911 0.009512912774 0.000036268199 89
912 0.009399279289 0.000035509910 88
913 0.009280823745 0.000034705156 87
914 0.009160742124 0.000033854200 86
915 0.009036693070 0.000032951494 85
916 0.008909690468 0.000031995411 84
917 0.008783068592 0.000031077800 83
918 0.008649875384 0.000029960901 82
919 0.008515766939 0.000028878831 81
920 0.008378305782 0.000027732378 80
921 0.008237364597 0.000026517662 79
922 0.008094006371 0.000025280541 78
923 0.007948113843 0.000024017950 77
924 0.007802044987 0.000022736136 76
925 0.007650602262 0.000021454684 75
926 0.007498812430 0.000020149114 74
927 0.007342863973 0.000018759783 73
928 0.007181403791 0.000017232877 72
929 0.007147122371 0.000017390978 71
930 0.007113169697 0.000017557573 70
931 0.007079535022 0.000017732840 69
932 0.007047480254 0.000017922719 68
933 0.007015736498 0.000018121701 67
934 0.006983030809 0.000018324605 66
935 0.006948011910 0.000018525585 65
936 0.006910546559 0.000018723810 64
937 0.006871891831 0.000018925385 63
938 0.006831990177 0.000019130328 62
939 0.006787861991 0.000019323208 61
940 0.006742262866 0.000019518425 60
941 0.006693565887 0.000019706962 59
942 0.006644768583 0.000019906248 58
943 0.006595835360 0.000020116602 57
944 0.006545154523 0.000020329419 56
945 0.006494233798 0.000020553842 55
946 0.006441427120 0.000020781098 54
947 0.006388260476 0.000021020553 53
948 0.006333048961 0.000021263234 52
949 0.006273975521 0.000021498697 51
950 0.006212539144 0.000021736175 50
951 0.006146795815 0.000021963662 49
952 0.006078313180 0.000022191434 48
953 0.006008792303 0.000022431601 47
954 0.005932378886 0.000022644811 46
955 0.005852569316 0.000022855029 45
956 0.005771174022 0.000023076328 44
957 0.005688043315 0.000023308915 43
958 0.005598854769 0.000023521842 42
959 0.005505315562 0.000023728062 41
960 0.005404853213 0.000023907464 40
961 0.005296890869 0.000024054241 39
962 0.005183246297 0.000024183559 38
963 0.005063458775 0.000024291905 37
964 0.004931779253 0.000024325119 36
965 0.004792575186 0.000024322522 35
966 0.004647982166 0.000024306141 34
967 0.004494625933 0.000024243074 33
968 0.004328710445 0.000024092247 32
969 0.004152090731 0.000023871192 31
970 0.003963696370 0.000023566633 30
971 0.003758962103 0.000023121792 29
972 0.003539603960 0.000022552148 28
973 0.003303997066 0.000021833116 27
974 0.003050266565 0.000020934614 26
975 0.002776237624 0.000019819610 25
976 0.002479372937 0.000018442211 24
977 0.002156693930 0.000016745124 23
978 0.001804680468 0.000014656256 22
979 0.001419141914 0.000012084094 21
980 0.000995049505 0.000008911357 20
981 0.000526315789 0.000004986150 19
982 0.000000000000 0.000000000000 18
983 0.000000000000 0.000000000000 17
984 0.000000000000 0.000000000000 16
985 0.000000000000 0.000000000000 15
986 0.000000000000 0.000000000000 14
987 0.000000000000 0.000000000000 13
988 0.000000000000 0.000000000000 12
989 0.000000000000 0.000000000000 11
990 0.000000000000 0.000000000000 10
991 0.000000000000 0.000000000000 9
992 0.000000000000 0.000000000000 8
993 0.000000000000 0.000000000000 7
994 0.000000000000 0.000000000000 6
995 0.000000000000 0.000000000000 5
996 0.000000000000 0.000000000000 4
997 0.000000000000 0.000000000000 3
998 0.000000000000 0.000000000000 2
999 0.000000000000 0.000000000000 1
