1 1.000000000000 0.000000000000 999
2 0.999893636197 0.000000407441 998
3 0.999339351102 0.000002610610 997
4 0.998417657314 0.000006566998 996
5 0.997025212728 0.000012335356 995
6 0.995342670748 0.000018977211 994
7 0.993455698882 0.000026077297 993
8 0.991343425067 0.000035225680 992
9 0.989073753858 0.000045491795 991
10 0.986706389384 0.000056670056 990
11 0.984208200872 0.000069087643 989
12 0.981661935325 0.000082447811 988
13 0.979071174634 0.000096299367 987
14 0.976448180699 0.000110906429 986
15 0.973795867422 0.000124264958 985
16 0.971122214748 0.000138708963 984
17 0.968430580716 0.000152837767 983
18 0.965722668577 0.000168207002 982
19 0.963009617781 0.000182538118 981
20 0.960284749966 0.000197160406 980
21 0.957546349972 0.000211559308 979
22 0.954806944890 0.000225568705 978
23 0.952066890950 0.000240373227 977
24 0.949318576408 0.000256263834 976
25 0.946573103374 0.000272134661 975
26 0.943846429818 0.000288195755 974
27 0.941129914423 0.000304639542 973
28 0.938403693618 0.000319896158 972
29 0.935696885862 0.000335074396 971
30 0.933018266001 0.000351435343 970
31 0.930341377585 0.000366062316 969
32 0.927671345587 0.000380520765 968
33 0.924996311645 0.000395306984 967
34 0.922315266011 0.000408998990 966
35 0.919637426273 0.000421981651 965
36 0.916990123983 0.000434317052 964
37 0.914345789672 0.000447934874 963
38 0.911716715751 0.000460492536 962
39 0.909090692198 0.000472997366 961
40 0.906483836055 0.000484685375 960
41 0.903875098430 0.000496579096 959
42 0.901286134866 0.000508769753 958
43 0.898696571522 0.000521510075 957
44 0.896118225079 0.000532860624 956
45 0.893555092833 0.000544061470 955
46 0.890985815540 0.000554011651 954
47 0.888433304659 0.000564919333 953
48 0.885888531920 0.000574778884 952
49 0.883355415216 0.000584859478 951
50 0.880837333855 0.000595842571 950
51 0.878330710367 0.000607688582 949
52 0.875840083157 0.000620524036 948
53 0.873361852422 0.000632691928 947
54 0.870889693932 0.000643045794 946
55 0.868414900244 0.000651687365 945
56 0.865947748338 0.000658345682 944
57 0.863504875833 0.000664459876 943
58 0.861070066774 0.000670728183 942
59 0.858651403100 0.000677342767 941
60 0.856243955427 0.000683174725 940
61 0.853859492414 0.000688656012 939
62 0.851493666105 0.000693257858 938
63 0.849139634818 0.000697570538 937
64 0.846802297021 0.000702311887 936
65 0.844482985931 0.000705782174 935
66 0.842196102188 0.000709513178 934
67 0.839933286977 0.000712771009 933
68 0.837666175534 0.000717106071 932
69 0.835394144671 0.000720634451 931
70 0.833137699549 0.000724745465 930
71 0.830883173483 0.000729821352 929
72 0.828651656134 0.000735308466 928
73 0.826423417852 0.000740182939 927
74 0.824207580154 0.000744827032 926
75 0.822013427665 0.000748318335 925
76 0.819826250317 0.000751480246 924
77 0.817648979743 0.000752770034 923
78 0.815482017047 0.000755106813 922
79 0.813324148038 0.000757973399 921
80 0.811170614201 0.000760741966 920
81 0.809015759724 0.000764763556 919
82 0.806870649842 0.000769412770 918
83 0.804737413967 0.000773412202 917
84 0.802621087698 0.000778393413 916
85 0.800522962666 0.000782959855 915
86 0.798447451895 0.000787257880 914
87 0.796368935910 0.000792487243 913
88 0.794301280474 0.000797588763 912
89 0.792253095255 0.000801900500 911
90 0.790233191241 0.000805325813 910
91 0.788222624273 0.000808366834 909
92 0.786216298284 0.000812165674 908
93 0.784218158107 0.000816071414 907
94 0.782228296385 0.000819131065 906
95 0.780242998508 0.000823403487 905
96 0.778258816175 0.000827291900 904
97 0.776271136828 0.000831859841 903
98 0.774283364462 0.000835478584 902
99 0.772306580343 0.000838697798 901
100 0.770342803154 0.000842874446 900
101 0.768376381371 0.000847322974 899
102 0.766421735321 0.000852089894 898
103 0.764463599642 0.000857240529 897
104 0.762520817863 0.000863075539 896
105 0.760570598377 0.000869010005 895
106 0.758621068549 0.000875916803 894
107 0.756671654944 0.000883128321 893
108 0.754725864747 0.000891308252 892
109 0.752787586680 0.000899671714 891
110 0.750854842626 0.000909155918 890
111 0.748919207911 0.000919000352 889
112 0.746995125140 0.000928713840 888
113 0.745066973528 0.000938220260 887
114 0.743138145846 0.000947832637 886
115 0.741206133854 0.000956644887 885
116 0.739286211056 0.000965274316 884
117 0.737384737945 0.000973990136 883
118 0.735483368811 0.000983412677 882
119 0.733597179602 0.000992527494 881
120 0.731711997818 0.001001549699 880
121 0.729835331200 0.001009354296 879
122 0.727963162349 0.001016120316 878
123 0.726102083835 0.001022271420 877
124 0.724243543211 0.001027911827 876
125 0.722380373559 0.001033036400 875
126 0.720513552191 0.001039577198 874
127 0.718652775370 0.001044758840 873
128 0.716799112322 0.001051101062 872
129 0.714965106283 0.001057039293 871
130 0.713131972311 0.001061549108 870
131 0.711298348385 0.001066698544 869
132 0.709476903349 0.001071541265 868
133 0.707652978032 0.001076932618 867
134 0.705829910101 0.001083142452 866
135 0.704028104007 0.001088043680 865
136 0.702218706703 0.001092788336 864
137 0.700409598014 0.001097172638 863
138 0.698610090032 0.001100583390 862
139 0.696814702302 0.001104121154 861
140 0.695031276466 0.001107985576 860
141 0.693252840378 0.001111550769 859
142 0.691490039328 0.001115545882 858
143 0.689723443644 0.001119944434 857
144 0.687968434431 0.001123725104 856
145 0.686212576969 0.001128024591 855
146 0.684465468921 0.001132972885 854
147 0.682733056263 0.001137290348 853
148 0.681010015331 0.001141330060 852
149 0.679296824167 0.001145272133 851
150 0.677584737106 0.001149510769 850
151 0.675873025300 0.001153033690 849
152 0.674168388762 0.001156894425 848
153 0.672483068823 0.001159983589 847
154 0.670802748829 0.001163633801 846
155 0.669130709900 0.001166965276 845
156 0.667468170014 0.001169041409 844
157 0.665807981564 0.001170999045 843
158 0.664157981526 0.001173155627 842
159 0.662517731950 0.001175077830 841
160 0.660889939119 0.001177602659 840
161 0.659291100842 0.001179713006 839
162 0.657702020878 0.001181211116 838
163 0.656115157430 0.001182738481 837
164 0.654540122704 0.001184246406 836
165 0.652961968605 0.001186408757 835
166 0.651385749814 0.001187871939 834
167 0.649819434312 0.001188856506 833
168 0.648254070077 0.001189918565 832
169 0.646685846133 0.001189901299 831
170 0.645121414617 0.001189875294 830
171 0.643568973289 0.001189231513 829
172 0.642013379738 0.001189230395 828
173 0.640464900985 0.001188395667 827
174 0.638938654426 0.001186708369 826
175 0.637421956424 0.001185413125 825
176 0.635922087876 0.001184205620 824
177 0.634420463501 0.001183191478 823
178 0.632935615950 0.001181903327 822
179 0.631458857504 0.001181397471 821
180 0.629986898017 0.001180452932 820
181 0.628524931828 0.001180032015 819
182 0.627069179852 0.001179062156 818
183 0.625613711739 0.001176847757 817
184 0.624163192706 0.001174158978 816
185 0.622709386064 0.001172105351 815
186 0.621254821567 0.001169785981 814
187 0.619800506583 0.001168502993 813
188 0.618354851428 0.001168130189 812
189 0.616911263009 0.001167933517 811
190 0.615480467830 0.001167672858 810
191 0.614051585832 0.001168050707 809
192 0.612639892082 0.001166819408 808
193 0.611220713617 0.001165773820 807
194 0.609805165007 0.001163858514 806
195 0.608398492349 0.001160490426 805
196 0.607002603176 0.001157586971 804
197 0.605616477733 0.001153762285 803
198 0.604236579492 0.001150971734 802
199 0.602870623013 0.001148877299 801
200 0.601505733634 0.001146171600 800
201 0.600141110539 0.001145175641 799
202 0.598772332442 0.001144517301 798
203 0.597412754384 0.001143287872 797
204 0.596051543242 0.001141698958 796
205 0.594692383782 0.001140106272 795
206 0.593329046499 0.001139110865 794
207 0.591964352885 0.001138009477 793
208 0.590608491564 0.001138681039 792
209 0.589257865405 0.001139736301 791
210 0.587908444280 0.001141680737 790
211 0.586557564349 0.001142694128 789
212 0.585211246384 0.001143898107 788
213 0.583876402869 0.001145436918 787
214 0.582566775941 0.001146349881 786
215 0.581255153514 0.001148058657 785
216 0.579962222829 0.001148208455 784
217 0.578673438598 0.001149206387 783
218 0.577388244025 0.001149153637 782
219 0.576098997870 0.001149249629 781
220 0.574809626430 0.001149291368 780
221 0.573511366094 0.001149711678 779
222 0.572227093493 0.001150438719 778
223 0.570942897820 0.001151606401 777
224 0.569663100443 0.001152630241 776
225 0.568400966075 0.001153211453 775
226 0.567158575226 0.001153034654 774
227 0.565932354907 0.001152751751 773
228 0.564712954719 0.001153466804 772
229 0.563484900189 0.001154499962 771
230 0.562259152896 0.001156125207 770
231 0.561034471623 0.001157886590 769
232 0.559812071605 0.001159952271 768
233 0.558593391715 0.001160902049 767
234 0.557386243046 0.001161426798 766
235 0.556175181245 0.001161799155 765
236 0.554970927406 0.001161868116 764
237 0.553759928427 0.001161397852 763
238 0.552542678210 0.001161226164 762
239 0.551324613144 0.001161455470 761
240 0.550102499516 0.001161025962 760
241 0.548895050590 0.001160434020 759
242 0.547694677431 0.001159109867 758
243 0.546491122366 0.001158188265 757
244 0.545289108236 0.001156732099 756
245 0.544084030142 0.001155445342 755
246 0.542873644916 0.001154810176 754
247 0.541664802568 0.001153736411 753
248 0.540466037959 0.001152585228 752
249 0.539264218753 0.001151935159 751
250 0.538066832635 0.001151518522 750
251 0.536876480858 0.001150123935 749
252 0.535701552205 0.001148625440 748
253 0.534528487775 0.001146624416 747
254 0.533358091661 0.001144947906 746
255 0.532187419278 0.001143672295 745
256 0.531021232635 0.001141548916 744
257 0.529849282148 0.001139755022 743
258 0.528684733841 0.001137820079 742
259 0.527535185868 0.001135552489 741
260 0.526385089911 0.001133373613 740
261 0.525240152574 0.001132002408 739
262 0.524100261073 0.001131019127 738
263 0.522960145511 0.001130709340 737
264 0.521824626383 0.001130051079 736
265 0.520699284909 0.001128303823 735
266 0.519570693244 0.001126533573 734
267 0.518448221719 0.001125467383 733
268 0.517330025841 0.001123304973 732
269 0.516219265382 0.001121627041 731
270 0.515105297865 0.001120098311 730
271 0.513995308244 0.001118051676 729
272 0.512892903444 0.001117224545 728
273 0.511787138879 0.001116265108 727
274 0.510689532847 0.001116384019 726
275 0.509599736137 0.001117641735 725
276 0.508517555336 0.001118335772 724
277 0.507440323107 0.001118730193 723
278 0.506362429658 0.001119322453 722
279 0.505294719183 0.001118638450 721
280 0.504237037347 0.001118296350 720
281 0.503176980420 0.001117585033 719
282 0.502119723952 0.001116954562 718
283 0.501065893345 0.001116325746 717
284 0.500003304772 0.001115192350 716
285 0.498954142621 0.001113358291 715
286 0.497906339749 0.001110792208 714
287 0.496863826732 0.001108740010 713
288 0.495834700705 0.001106352362 712
289 0.494814008674 0.001103259715 711
290 0.493787515621 0.001099902754 710
291 0.492772112566 0.001097197188 709
292 0.491756989250 0.001095153679 708
293 0.490746759845 0.001093121283 707
294 0.489733350838 0.001090867636 706
295 0.488725483706 0.001089428532 705
296 0.487717260866 0.001087615713 704
297 0.486716845997 0.001085902027 703
298 0.485714499248 0.001084535307 702
299 0.484714267808 0.001083152383 701
300 0.483714153467 0.001082436596 700
301 0.482708820290 0.001081971294 699
302 0.481710772344 0.001081182850 698
303 0.480710241320 0.001080369994 697
304 0.479712482092 0.001079990484 696
305 0.478714524700 0.001079454590 695
306 0.477722000357 0.001078804047 694
307 0.476732508458 0.001076916681 693
308 0.475745377026 0.001075145147 692
309 0.474769046819 0.001073292694 691
310 0.473792288682 0.001070563421 690
311 0.472814876977 0.001067864459 689
312 0.471843109095 0.001064041359 688
313 0.470868193270 0.001060465753 687
314 0.469890295328 0.001056773665 686
315 0.468925922564 0.001052914738 685
316 0.467961896588 0.001049243511 684
317 0.467000407990 0.001045305953 683
318 0.466041571351 0.001041690096 682
319 0.465088068402 0.001036989930 681
320 0.464134927595 0.001032564856 680
321 0.463193507163 0.001027615521 679
322 0.462269732901 0.001021953042 678
323 0.461352040309 0.001016304434 677
324 0.460437828001 0.001010867402 676
325 0.459526433912 0.001006646969 675
326 0.458634883480 0.001002374316 674
327 0.457741145925 0.000998672609 673
328 0.456844451322 0.000994826620 672
329 0.455940339299 0.000991324447 671
330 0.455033994805 0.000988098393 670
331 0.454119817416 0.000985065870 669
332 0.453214177578 0.000982322309 668
333 0.452317306747 0.000979502847 667
334 0.451417893696 0.000977409487 666
335 0.450510270925 0.000974716651 665
336 0.449605806063 0.000972029979 664
337 0.448692868010 0.000968996997 663
338 0.447783015842 0.000965688583 662
339 0.446891154574 0.000961718475 661
340 0.446005526747 0.000957376923 660
341 0.445120011525 0.000953196013 659
342 0.444228914104 0.000948531414 658
343 0.443332385532 0.000944016243 657
344 0.442436929774 0.000939445212 656
345 0.441544358508 0.000935166605 655
346 0.440649229041 0.000930821362 654
347 0.439754907044 0.000926768662 653
348 0.438860796095 0.000923130625 652
349 0.437981177141 0.000918701108 651
350 0.437099535472 0.000914124125 650
351 0.436227427176 0.000910345106 649
352 0.435353064019 0.000907087456 648
353 0.434488290380 0.000903791678 647
354 0.433632266729 0.000901522243 646
355 0.432773662268 0.000899288566 645
356 0.431918930108 0.000897095041 644
357 0.431064209766 0.000895162586 643
358 0.430218335057 0.000893078783 642
359 0.429370000602 0.000892007930 641
360 0.428519408612 0.000891501025 640
361 0.427665749156 0.000891068816 639
362 0.426817985711 0.000890717034 638
363 0.425961859095 0.000890001595 637
364 0.425094436914 0.000888937761 636
365 0.424227466955 0.000887999953 635
366 0.423363078780 0.000887487106 634
367 0.422505489448 0.000887093084 633
368 0.421645240419 0.000886468679 632
369 0.420785751399 0.000884788292 631
370 0.419923056492 0.000882949398 630
371 0.419055062132 0.000880942042 629
372 0.418183812008 0.000878667647 628
373 0.417307172086 0.000876188041 627
374 0.416430143084 0.000873381422 626
375 0.415559112203 0.000870329386 625
376 0.414691310936 0.000867682566 624
377 0.413834977982 0.000865045282 623
378 0.412976372039 0.000862846944 622
379 0.412120238235 0.000860801640 621
380 0.411277069901 0.000859117606 620
381 0.410449154994 0.000858782579 619
382 0.409624428867 0.000858931209 618
383 0.408798279290 0.000858649833 617
384 0.407973109627 0.000858389840 616
385 0.407148590022 0.000857601966 615
386 0.406327996177 0.000856296871 614
387 0.405510031901 0.000855154379 613
388 0.404689555112 0.000854230188 612
389 0.403873262608 0.000853409641 611
390 0.403051703776 0.000852436688 610
391 0.402230851488 0.000851760218 609
392 0.401410759391 0.000851386627 608
393 0.400603646898 0.000851061855 607
394 0.399806441399 0.000850287824 606
395 0.399018410343 0.000850171117 605
396 0.398231287206 0.000850051825 604
397 0.397447206081 0.000850096410 603
398 0.396666681106 0.000849540543 602
399 0.395887124305 0.000848052896 601
400 0.395112871887 0.000846830728 600
401 0.394333369185 0.000845363534 599
402 0.393548557310 0.000843704451 598
403 0.392776521056 0.000841864835 597
404 0.391996899490 0.000839937281 596
405 0.391233863311 0.000836980657 595
406 0.390493399748 0.000834379675 594
407 0.389760824034 0.000831368650 593
408 0.389037385775 0.000828147288 592
409 0.388314090114 0.000825336457 591
410 0.387588426109 0.000822673964 590
411 0.386876922611 0.000820579845 589
412 0.386165689719 0.000818696247 588
413 0.385460526733 0.000817287939 587
414 0.384751743385 0.000815630532 586
415 0.384048590385 0.000814291954 585
416 0.383344897702 0.000812924004 584
417 0.382639044053 0.000811266405 583
418 0.381927793348 0.000809868414 582
419 0.381214474520 0.000808957533 581
420 0.380496383872 0.000807850881 580
421 0.379784000396 0.000807552337 579
422 0.379068736562 0.000807010687 578
423 0.378348127496 0.000806504301 577
424 0.377631957151 0.000806138832 576
425 0.376914144149 0.000805093513 575
426 0.376200926265 0.000804672259 574
427 0.375486483033 0.000803913891 573
428 0.374779416331 0.000802781110 572
429 0.374070156978 0.000801793274 571
430 0.373352401694 0.000799827754 570
431 0.372638977913 0.000798093772 569
432 0.371926212171 0.000796349334 568
433 0.371220528628 0.000795330924 567
434 0.370511939583 0.000794088938 566
435 0.369793945796 0.000792013738 565
436 0.369070915404 0.000789925179 564
437 0.368355485151 0.000787674279 563
438 0.367641400545 0.000784687321 562
439 0.366930712660 0.000782328386 561
440 0.366214563045 0.000779484356 560
441 0.365510673574 0.000776700748 559
442 0.364814036113 0.000773711853 558
443 0.364114529395 0.000770443648 557
444 0.363409419466 0.000766856836 556
445 0.362709802414 0.000763386543 555
446 0.362010121105 0.000759663690 554
447 0.361309400370 0.000755597023 553
448 0.360600887663 0.000750868405 552
449 0.359892343402 0.000746609832 551
450 0.359181029542 0.000742261303 550
451 0.358470303335 0.000738030831 549
452 0.357756479201 0.000733579883 548
453 0.357057417327 0.000729320803 547
454 0.356370180952 0.000724966711 546
455 0.355694388557 0.000720560793 545
456 0.355017478444 0.000715905549 544
457 0.354358139329 0.000711872281 543
458 0.353693039687 0.000707466722 542
459 0.353022782764 0.000702724657 541
460 0.352350859257 0.000697466534 540
461 0.351701002849 0.000692533288 539
462 0.351051881037 0.000688029699 538
463 0.350404400597 0.000682567019 537
464 0.349754624695 0.000677159232 536
465 0.349118161678 0.000672060301 535
466 0.348479317734 0.000667004289 534
467 0.347842336809 0.000662244525 533
468 0.347208317915 0.000657844629 532
469 0.346578826657 0.000653457451 531
470 0.345951615954 0.000648070436 530
471 0.345324761155 0.000643184629 529
472 0.344708533740 0.000638996945 528
473 0.344089637594 0.000634992751 527
474 0.343465787961 0.000630933982 526
475 0.342839737568 0.000627066600 525
476 0.342214324458 0.000623922760 524
477 0.341593702916 0.000619259865 523
478 0.340977945981 0.000614868937 522
479 0.340359362698 0.000610126347 521
480 0.339741858336 0.000605825119 520
481 0.339121921232 0.000601286226 519
482 0.338512697926 0.000596509056 518
483 0.337918136338 0.000592466778 517
484 0.337336941377 0.000588701217 516
485 0.336753170813 0.000584810828 515
486 0.336164371550 0.000580532337 514
487 0.335573153907 0.000576173568 513
488 0.334995119692 0.000571695063 512
489 0.334412174437 0.000566885626 511
490 0.333829714087 0.000562217649 510
491 0.333258131011 0.000557039514 509
492 0.332687338543 0.000552167708 508
493 0.332111792920 0.000547265251 507
494 0.331533893973 0.000542071329 506
495 0.330950817534 0.000536874395 505
496 0.330363005879 0.000531896983 504
497 0.329772661566 0.000526836127 503
498 0.329190413226 0.000522252081 502
499 0.328608734424 0.000518151769 501
500 0.328027130130 0.000514603860 500
501 0.327453579869 0.000510546727 499
502 0.326882725732 0.000506661291 498
503 0.326304823525 0.000502916766 497
504 0.325737949894 0.000498880899 496
505 0.325172034187 0.000495113880 495
506 0.324614444519 0.000492034908 494
507 0.324049205070 0.000488849599 493
508 0.323481778017 0.000485642597 492
509 0.322914894946 0.000482181832 491
510 0.322351025069 0.000478823985 490
511 0.321778652394 0.000474856220 489
512 0.321206235810 0.000471084353 488
513 0.320639579294 0.000467325472 487
514 0.320070557457 0.000463602695 486
515 0.319499050190 0.000459857551 485
516 0.318935708741 0.000456276707 484
517 0.318372693727 0.000452848155 483
518 0.317823532908 0.000450153294 482
519 0.317264046430 0.000447176993 481
520 0.316704543287 0.000444099033 480
521 0.316148095014 0.000441144193 479
522 0.315597726133 0.000437704045 478
523 0.315044957348 0.000434146855 477
524 0.314500750310 0.000431202068 476
525 0.313970227495 0.000427503150 475
526 0.313439648553 0.000424226543 474
527 0.312909611723 0.000421093509 473
528 0.312377425966 0.000418296686 472
529 0.311848189855 0.000415505685 471
530 0.311325271165 0.000413415984 470
531 0.310800195090 0.000411491193 469
532 0.310278815686 0.000409758179 468
533 0.309754841360 0.000408111331 467
534 0.309226143339 0.000406520277 466
535 0.308700630831 0.000405394424 465
536 0.308186265734 0.000403464250 464
537 0.307669601612 0.000401233810 463
538 0.307153906673 0.000399173683 462
539 0.306655547138 0.000396837081 461
540 0.306154967628 0.000394502672 460
541 0.305663460421 0.000392024416 459
542 0.305169646875 0.000389609135 458
543 0.304687498313 0.000386818742 457
544 0.304205969087 0.000383942890 456
545 0.303724795981 0.000381144511 455
546 0.303244118962 0.000378599325 454
547 0.302761203322 0.000376362341 453
548 0.302282788715 0.000374197531 452
549 0.301804967862 0.000371925719 451
550 0.301324665171 0.000369698034 450
551 0.300850614594 0.000367438102 449
552 0.300387925246 0.000364562467 448
553 0.299923193857 0.000361599490 447
554 0.299453971053 0.000358738966 446
555 0.298990559102 0.000356015099 445
556 0.298525296375 0.000353460490 444
557 0.298057905365 0.000351054116 443
558 0.297587949336 0.000348599849 442
559 0.297115858879 0.000345854349 441
560 0.296644581764 0.000343236833 440
561 0.296166151926 0.000340962543 439
562 0.295692280645 0.000339076634 438
563 0.295216194661 0.000337424313 437
564 0.294740661388 0.000336145970 436
565 0.294262767674 0.000334834578 435
566 0.293787802028 0.000333600525 434
567 0.293310324609 0.000332451467 433
568 0.292831235468 0.000331991426 432
569 0.292352767554 0.000331495863 431
570 0.291872007640 0.000330818511 430
571 0.291394903894 0.000329991957 429
572 0.290912729581 0.000328991059 428
573 0.290427867175 0.000327872300 427
574 0.289949665293 0.000326881998 426
575 0.289476156517 0.000326438867 425
576 0.289000446097 0.000326102759 424
577 0.288532182305 0.000325552624 423
578 0.288067919167 0.000325161458 422
579 0.287614110229 0.000325814679 421
580 0.287188349006 0.000325641618 420
581 0.286765284799 0.000325355193 419
582 0.286339980871 0.000325350233 418
583 0.285925971207 0.000325451412 417
584 0.285512767607 0.000325312325 416
585 0.285097143041 0.000325360288 415
586 0.284676837774 0.000325455929 414
587 0.284254059824 0.000325288828 413
588 0.283831302445 0.000325089987 412
589 0.283409072432 0.000324839625 411
590 0.282982412740 0.000325032090 410
591 0.282560486883 0.000325093053 409
592 0.282136281913 0.000324734381 408
593 0.281722073523 0.000324678958 407
594 0.281317792519 0.000324137264 406
595 0.280908646152 0.000323498142 405
596 0.280512326365 0.000323213023 404
597 0.280116644792 0.000323154384 403
598 0.279721382123 0.000323410994 402
599 0.279336750854 0.000323077210 401
600 0.278940650473 0.000322372711 400
601 0.278538249862 0.000322164222 399
602 0.278133825942 0.000322372500 398
603 0.277732045066 0.000322851381 397
604 0.277333406582 0.000323182215 396
605 0.276926971893 0.000323174035 395
606 0.276515951867 0.000323281989 394
607 0.276105260189 0.000323046856 393
608 0.275689392871 0.000322708976 392
609 0.275270906290 0.000322066747 391
610 0.274863698775 0.000321916349 390
611 0.274459990109 0.000321863552 389
612 0.274058232613 0.000321455205 388
613 0.273664261277 0.000321270712 387
614 0.273267965116 0.000320679744 386
615 0.272864074450 0.000319750666 385
616 0.272460776964 0.000318547416 384
617 0.272060202254 0.000317192724 383
618 0.271660343890 0.000316076036 382
619 0.271263464896 0.000314701206 381
620 0.270862042476 0.000313356410 380
621 0.270463756134 0.000312288407 379
622 0.270065882050 0.000311338940 378
623 0.269665443813 0.000309991041 377
624 0.269268342962 0.000309115297 376
625 0.268874559513 0.000308602366 375
626 0.268483897973 0.000308235555 374
627 0.268101858125 0.000307975968 373
628 0.267728011596 0.000307570716 372
629 0.267354816843 0.000307182897 371
630 0.266971921943 0.000306839845 370
631 0.266589316359 0.000305938272 369
632 0.266206874665 0.000304704640 368
633 0.265814756890 0.000303799105 367
634 0.265420394467 0.000302864798 366
635 0.265029633203 0.000302202924 365
636 0.264642034692 0.000302078252 364
637 0.264263016492 0.000301511566 363
638 0.263875620171 0.000300840680 362
639 0.263493615153 0.000300070501 361
640 0.263115025816 0.000298770036 360
641 0.262739568952 0.000297367168 359
642 0.262370935633 0.000296809845 358
643 0.261992158362 0.000296690805 357
644 0.261614609676 0.000296890674 356
645 0.261234824621 0.000297075317 355
646 0.260860842917 0.000296901635 354
647 0.260479387723 0.000296861257 353
648 0.260095383352 0.000296591840 352
649 0.259706379673 0.000296418597 351
650 0.259320744949 0.000296009501 350
651 0.258933365912 0.000295695762 349
652 0.258546970322 0.000295511470 348
653 0.258158369244 0.000295462764 347
654 0.257784102160 0.000295499907 346
655 0.257409869315 0.000295236319 345
656 0.257033425276 0.000294999585 344
657 0.256654857503 0.000294952853 343
658 0.256276390183 0.000294941717 342
659 0.255895772406 0.000294939320 341
660 0.255512740658 0.000294902722 340
661 0.255127211806 0.000294712891 339
662 0.254736435544 0.000294501123 338
663 0.254368390156 0.000293961576 337
664 0.253992356512 0.000293400894 336
665 0.253608124124 0.000292963200 335
666 0.253233746509 0.000292980756 334
667 0.252866893189 0.000292908401 333
668 0.252500682430 0.000293098015 332
669 0.252147764805 0.000293617962 331
670 0.251792693606 0.000294088264 330
671 0.251429669845 0.000294475665 329
672 0.251067372897 0.000294762665 328
673 0.250711544013 0.000294489783 327
674 0.250356381322 0.000294120955 326
675 0.249999370082 0.000294259588 325
676 0.249658015805 0.000294512177 324
677 0.249320551212 0.000294813540 323
678 0.248995323057 0.000294708912 322
679 0.248671158177 0.000294660759 321
680 0.248344876712 0.000294776571 320
681 0.248019612884 0.000295146711 319
682 0.247720125089 0.000295401496 318
683 0.247416363465 0.000295831465 317
684 0.247103234998 0.000295937400 316
685 0.246810100091 0.000296178610 315
686 0.246514733101 0.000296631074 314
687 0.246227316893 0.000297128851 313
688 0.245935061423 0.000297816975 312
689 0.245634917557 0.000298807881 311
690 0.245332259755 0.000299788820 310
691 0.245024937726 0.000301025350 309
692 0.244718055296 0.000302187943 308
693 0.244418726635 0.000303096438 307
694 0.244123416143 0.000304197437 306
695 0.243823777016 0.000305632686 305
696 0.243519366003 0.000307235118 304
697 0.243218961304 0.000308826327 303
698 0.242913982269 0.000310461974 302
699 0.242609302898 0.000311971137 301
700 0.242305268291 0.000313222880 300
701 0.242001794468 0.000314255887 299
702 0.241693762316 0.000315447589 298
703 0.241386336753 0.000316484250 297
704 0.241076804809 0.000317880915 296
705 0.240764990394 0.000319539239 295
706 0.240451743490 0.000321078600 294
707 0.240130471472 0.000322960295 293
708 0.239820042080 0.000324048742 292
709 0.239503657496 0.000324998938 291
710 0.239184873240 0.000326066610 290
711 0.238871424579 0.000327398370 289
712 0.238562143291 0.000328793807 288
713 0.238250414234 0.000330085770 287
714 0.237947532390 0.000331400973 286
715 0.237647660595 0.000332397763 285
716 0.237345551095 0.000333378301 284
717 0.237040856107 0.000334285518 283
718 0.236746719110 0.000336393719 282
719 0.236467208239 0.000338368155 281
720 0.236168250243 0.000340619945 280
721 0.235881492433 0.000342775938 279
722 0.235595351719 0.000344751720 278
723 0.235306750722 0.000346621862 277
724 0.235016121450 0.000348386824 276
725 0.234716640221 0.000349946655 275
726 0.234411715968 0.000351387049 274
727 0.234097556611 0.000352750921 273
728 0.233781309122 0.000354243653 272
729 0.233465926391 0.000355579938 271
730 0.233144512211 0.000356900715 270
731 0.232823688378 0.000357960325 269
732 0.232512330458 0.000359030571 268
733 0.232188362150 0.000360045410 267
734 0.231870139659 0.000360999631 266
735 0.231550126111 0.000362409100 265
736 0.231224127404 0.000363826192 264
737 0.230888023565 0.000365061667 263
738 0.230567306381 0.000365816758 262
739 0.230248188738 0.000366718660 261
740 0.229930179375 0.000367690025 260
741 0.229601769438 0.000368098436 259
742 0.229264237599 0.000368832822 258
743 0.228927522568 0.000369762571 257
744 0.228580293460 0.000370535121 256
745 0.228242027874 0.000371647843 255
746 0.227908157076 0.000372838590 254
747 0.227571335929 0.000374042883 253
748 0.227244437265 0.000374797334 252
749 0.226922923291 0.000375485387 251
750 0.226591846488 0.000376480137 250
751 0.226257880317 0.000377491425 249
752 0.225921006236 0.000378447192 248
753 0.225588276372 0.000379101268 247
754 0.225252597092 0.000379694726 246
755 0.224927218184 0.000380497810 245
756 0.224602428480 0.000380925732 244
757 0.224275047743 0.000381191174 243
758 0.223961632434 0.000382482810 242
759 0.223641713253 0.000383595748 241
760 0.223343117411 0.000384392022 240
761 0.223037873196 0.000384946662 239
762 0.222733492972 0.000385449690 238
763 0.222419565063 0.000385992452 237
764 0.222102797603 0.000386211210 236
765 0.221787772280 0.000386931918 235
766 0.221483118517 0.000387254635 234
767 0.221183155929 0.000387218471 233
768 0.220890054208 0.000387126981 232
769 0.220590379752 0.000387008421 231
770 0.220285024589 0.000387197727 230
771 0.219980902846 0.000387580341 229
772 0.219677599032 0.000387940141 228
773 0.219371619626 0.000388366385 227
774 0.219062896937 0.000388809585 226
775 0.218751780444 0.000389364163 225
776 0.218441420894 0.000389733554 224
777 0.218116575605 0.000390364948 223
778 0.217789251414 0.000390720383 222
779 0.217451019688 0.000391001923 221
780 0.217110125824 0.000391337036 220
781 0.216766239636 0.000391622745 219
782 0.216414084001 0.000391623195 218
783 0.216085556829 0.000391558911 217
784 0.215754033649 0.000391854630 216
785 0.215437599715 0.000391738252 215
786 0.215114495971 0.000391604322 214
787 0.214784087357 0.000391271387 213
788 0.214450569917 0.000390718211 212
789 0.214113852814 0.000390052365 211
790 0.213773658573 0.000389143839 210
791 0.213438448435 0.000388290488 209
792 0.213087005163 0.000387222208 208
793 0.212736495797 0.000385933448 207
794 0.212382634509 0.000384370300 206
795 0.212025416249 0.000382766920 205
796 0.211664942131 0.000381170873 204
797 0.211300161806 0.000378999116 203
798 0.210932043279 0.000376615250 202
799 0.210560645944 0.000374281032 201
800 0.210185518862 0.000372271311 200
801 0.209826450003 0.000369902558 199
802 0.209454948479 0.000367072101 198
803 0.209089433982 0.000364559481 197
804 0.208716001195 0.000361964848 196
805 0.208347633163 0.000359241122 195
806 0.207966608044 0.000356163963 194
807 0.207576636192 0.000352936902 193
808 0.207182237788 0.000349775857 192
809 0.206774901939 0.000346483505 191
810 0.206363171885 0.000343080058 190
811 0.205967797358 0.000339337063 189
812 0.205563376872 0.000335637047 188
813 0.205159019256 0.000331810121 187
814 0.204755436247 0.000327863945 186
815 0.204342174277 0.000323733504 185
816 0.203945943444 0.000319117114 184
817 0.203568775249 0.000315111252 183
818 0.203187919208 0.000311002779 182
819 0.202802720720 0.000306717802 181
820 0.202434913245 0.000301676954 180
821 0.202057744082 0.000296261315 179
822 0.201676432959 0.000290565600 178
823 0.201285729348 0.000284771846 177
824 0.200901542667 0.000279443372 176
825 0.200512450349 0.000273874699 175
826 0.200141206513 0.000267457166 174
827 0.199771281083 0.000261449143 173
828 0.199397012798 0.000255430159 172
829 0.199013855806 0.000249224462 171
830 0.198620674261 0.000242764710 170
831 0.198240649443 0.000235365322 169
832 0.197856553430 0.000228208836 168
833 0.197487880543 0.000221744828 167
834 0.197115374470 0.000215214601 166
835 0.196744325005 0.000208948054 165
836 0.196368493390 0.000202628961 164
837 0.195988251383 0.000196040255 163
838 0.195592856751 0.000189144307 162
839 0.195193565966 0.000182506110 161
840 0.194789691830 0.000175832762 160
841 0.194380763775 0.000169331834 159
842 0.193972759239 0.000163622379 158
843 0.193553873721 0.000158137106 157
844 0.193141060297 0.000153479238 156
845 0.192723429987 0.000148420457 155
846 0.192300380094 0.000143167133 154
847 0.191872346887 0.000137916111 153
848 0.191432115176 0.000131692704 152
849 0.190998081237 0.000125802056 151
850 0.190559209994 0.000120079225 150
851 0.190126755667 0.000115005085 149
852 0.189694043038 0.000110014916 148
853 0.189261872428 0.000105041267 147
854 0.188824225924 0.000100018026 146
855 0.188413522608 0.000094472356 145
856 0.188019529395 0.000089738066 144
857 0.187642452592 0.000085251357 143
858 0.187254480413 0.000080527549 142
859 0.186860679188 0.000075514770 141
860 0.186508301770 0.000071932589 140
861 0.186174481751 0.000069040102 139
862 0.185835494192 0.000066188552 138
863 0.185491443337 0.000063706139 137
864 0.185152915015 0.000061258491 136
865 0.184798229911 0.000058713642 135
866 0.184460477987 0.000056173180 134
867 0.184117771714 0.000053878140 133
868 0.183787084579 0.000051812741 132
869 0.183481877912 0.000049665395 131
870 0.183183849606 0.000047867192 130
871 0.182887524163 0.000046409793 129
872 0.182581011786 0.000045478204 128
873 0.182257382408 0.000044892686 127
874 0.181916330842 0.000044239452 126
875 0.181575687660 0.000043620433 125
876 0.181223765270 0.000042967975 124
877 0.180878481802 0.000042348818 123
878 0.180539316760 0.000041546620 122
879 0.180194530730 0.000041004981 121
880 0.179869427607 0.000040395076 120
881 0.179532936311 0.000040362505 119
882 0.179196571502 0.000040574173 118
883 0.178860170025 0.000040223384 117
884 0.178505982139 0.000039923098 116
885 0.178146803224 0.000039760794 115
886 0.177782370338 0.000039706771 114
887 0.177411492020 0.000039647602 113
888 0.177045712494 0.000039395392 112
889 0.176707544410 0.000038834632 111
890 0.176379796219 0.000038075380 110
891 0.176082177012 0.000036762398 109
892 0.175809325107 0.000035012292 108
893 0.175538377694 0.000033582958 107
894 0.175262168946 0.000031917848 106
895 0.174992544483 0.000029961499 105
896 0.174717996953 0.000027931075 104
897 0.174469504308 0.000026595377 103
898 0.174203227403 0.000025272940 102
899 0.173938608464 0.000024136076 101
900 0.173656307588 0.000023304357 100
901 0.173362410952 0.000022675703 99
902 0.173071168658 0.000022443253 98
903 0.172786785753 0.000022277260 97
904 0.172537974620 0.000021980554 96
905 0.172277546253 0.000021807290 95
906 0.171997512408 0.000021607512 94
907 0.171704438073 0.000021671253 93
908 0.171405172736 0.000021623736 92
909 0.171136430369 0.000021188203 91
910 0.170861378210 0.000020809089 90
911 0.170580359614 0.000020344417 89
912 0.170293484105 0.000019886308 88
913 0.169983458610 0.000018969654 87
914 0.169659098690 0.000018114163 86
915 0.169327264740 0.000016722004 85
916 0.168997176119 0.000015583569 84
917 0.168659863739 0.000014442597 83
918 0.168322087562 0.000013254959 82
919 0.167985653466 0.000012986346 81
920 0.167650026345 0.000012362313 80
921 0.167312829612 0.000011729860 79
922 0.167001376221 0.000012768692 78
923 0.166682589742 0.000013501556 77
924 0.166311106755 0.000014305652 76
925 0.165929723013 0.000014841443 75
926 0.165548074603 0.000015845889 74
927 0.165156161934 0.000017397848 73
928 0.164798410317 0.000018362327 72
929 0.164492113708 0.000018816032 71
930 0.164223711461 0.000018780048 70
931 0.163911526156 0.000019044667 69
932 0.163600708596 0.000019445400 68
933 0.163271638958 0.000019879284 67
934 0.162942134038 0.000020434250 66
935 0.162611405361 0.000020923424 65
936 0.162331835240 0.000022282308 64
937 0.162054120026 0.000024652500 63
938 0.161757737416 0.000026631017 62
939 0.161450927343 0.000028282220 61
940 0.161134626972 0.000030011719 60
941 0.160807843161 0.000031650166 59
942 0.160491520392 0.000033609064 58
943 0.160141480540 0.000035244275 57
944 0.159799897370 0.000036225751 56
945 0.159445880790 0.000037486275 55
946 0.159079831558 0.000038877184 54
947 0.158773674294 0.000039989799 53
948 0.158415735864 0.000040851489 52
949 0.158055131917 0.000041286935 51
950 0.157715501122 0.000041230096 50
951 0.157398777771 0.000041033129 49
952 0.157158276407 0.000040106787 48
953 0.156967520023 0.000041121863 47
954 0.156755722567 0.000042134077 46
955 0.156630750034 0.000041578294 45
956 0.156487437350 0.000041194189 44
957 0.156298300048 0.000041452380 43
958 0.156113046932 0.000041247800 42
959 0.155918032811 0.000040721685 41
960 0.155697912778 0.000039919465 40
961 0.155481503238 0.000038885184 39
962 0.155237943215 0.000037669582 38
963 0.154996616785 0.000036057565 37
964 0.154771986116 0.000033425919 36
965 0.154550440560 0.000030304657 35
966 0.154299033342 0.000026981034 34
967 0.154032361647 0.000024203701 33
968 0.153870168632 0.000022831265 32
969 0.153680793148 0.000021936931 31
970 0.153478815006 0.000020925562 30
971 0.153281259854 0.000019214135 29
972 0.153026682587 0.000017931432 28
973 0.152897382050 0.000017803710 27
974 0.152779886797 0.000017418106 26
975 0.152675437449 0.000016738587 25
976 0.152515296942 0.000016376991 24
977 0.152342503305 0.000016317184 23
978 0.152126747312 0.000015929657 22
979 0.151943176410 0.000014658426 21
980 0.151741265487 0.000013204188 20
981 0.151546876336 0.000011038724 19
982 0.151264913039 0.000009563298 18
983 0.151145128138 0.000009075279 17
984 0.151081389748 0.000008181066 16
985 0.151047597292 0.000007240052 15
986 0.151007908405 0.000005831290 14
987 0.151004995181 0.000003898707 13
988 0.150956388397 0.000002357700 12
989 0.150795066358 0.000000633361 11
990 0.150541419258 0.000000760701 10
991 0.150665433914 0.000000691427 9
992 0.150676219331 0.000000776808 8
993 0.150606709136 0.000000849128 7
994 0.150514028875 0.000000930522 6
995 0.150501004534 0.000001115608 5
996 0.150335557994 0.000001257647 4
997 0.150059813759 0.000001372724 3
998 0.149800145349 0.000001856802 2
999 0.148437500000 0.000000000000 1
