             1.300000000000000          21974.435925483689061          21974.435925483689061 
             1.303000000000000          20865.566587927623914          20865.566587927623914 
             1.306000000000000          19812.925506978972408          19812.925506978972408 
             1.309000000000000          18813.558491369847616          18813.558491369847616 
             1.312000000000000          17864.674520794931595          17864.674520794931595 
             1.315000000000000          16963.636238544171647          16963.636238544171647 
             1.318000000000000          16107.951028307401430          16107.951028307401430 
             1.321000000000000          15295.262637366055060          15295.262637366055060 
             1.324000000000000          14523.343310950225714          14523.343310950225714 
             1.327000000000000          13790.086404928308184          13790.086404928308184 
             1.330000000000000          13093.499446208003064          13093.499446208003064 
             1.333000000000000          12431.697612290043253          12431.697612290043253 
             1.336000000000000          11802.897603326066019          11802.897603326066019 
             1.339000000000000          11205.411881815034576          11205.411881815034576 
             1.342000000000000          10637.643256723851664          10637.643256723851664 
             1.345000000000000          10098.079790360643528          10098.079790360643528 
             1.348000000000000           9585.290007758356296           9585.290007758356296 
             1.351000000000000           9097.918389662541813           9097.918389662541813 
             1.354000000000000           8634.681131455565264           8634.681131455565264 
             1.357000000000000           8194.362151507761155           8194.362151507761155 
             1.360000000000000           7775.809333520358450           7775.809333520358450 
             1.363000000000000           7377.930988429876379           7377.930988429876379 
             1.366000000000000           6999.692522377044043           6999.692522377044043 
             1.369000000000000           6640.113298114976715           6640.113298114976715 
             1.372000000000000           6298.263678043762411           6298.263678043762411 
             1.375000000000000           5973.262237816055858           5973.262237816055858 
             1.378000000000000           5664.273140164737924           5664.273140164737924 
             1.381000000000000           5370.503659263010377           5370.503659263010377 
             1.384000000000000           5091.201846542757266           5091.201846542757266 
             1.387000000000000           4825.654329471281926           4825.654329471281926 
             1.390000000000000           4573.184235322619315           4573.184235322619315 
             1.393000000000000           4333.149232480468527           4333.149232480468527 
             1.396000000000000           4104.939682277671636           4104.939682277671636 
             1.399000000000000           3887.976894814278239           3887.976894814278239 
             1.402000000000000           3681.711482604503544           3681.711482604503544 
             1.405000000000000           3485.621806284697868           3485.621806284697868 
             1.408000000000000           3299.212506971611674           3299.212506971611674 
             1.411000000000000           3122.013120193906616           3122.013120193906616 
             1.414000000000000           2953.576766632104864           2953.576766632104864 
             1.417000000000000           2793.478915194236833           2793.478915194236833 
             1.420000000000000           2641.316214227903856           2641.316214227903856 
             1.423000000000000           2496.705386925358198           2496.705386925358198 
             1.426000000000000           2359.282187217570481           2359.282187217570481 
             1.429000000000000           2228.700412677529584           2228.700412677529584 
             1.432000000000000           2104.630971163332561           2104.630971163332561 
             1.435000000000000           1986.760998128090705           1986.760998128090705 
             1.438000000000000           1874.793021708148444           1874.793021708148444 
             1.441000000000000           1768.444172873919342           1768.444172873919342 
             1.444000000000000           1667.445438089616346           1667.445438089616346 
             1.447000000000000           1571.540952079893714           1571.540952079893714 
             1.450000000000000           1480.487328443807883           1480.487328443807883 
             1.453000000000000           1394.053025990130891           1394.053025990130891 
             1.456000000000000           1312.017748793271267           1312.017748793271267 
             1.459000000000000           1234.171878086570814           1234.171878086570814 
             1.462000000000000           1160.315934220048575           1160.315934220048575 
             1.465000000000000           1090.260067013270827           1090.260067013270827 
             1.468000000000000           1023.823572931196395           1023.823572931196395 
             1.471000000000000            960.834437602116964            960.834437602116964 
             1.474000000000000            901.128902282514446            901.128902282514446 
             1.477000000000000            844.551052954261081            844.551052954261081 
             1.480000000000000            790.952430815226535            790.952430815226535 
             1.483000000000000            740.191662995424622            740.191662995424622 
             1.486000000000000            692.134112397689137            692.134112397689137 
             1.489000000000000            646.651545624693313            646.651545624693313 
             1.492000000000000            603.621818013239363            603.621818013239363 
             1.495000000000000            562.928574852218617            562.928574852218617 
             1.498000000000000            524.460967912956789            524.460967912956789 
             1.501000000000000            488.113386469793056            488.113386469793056 
             1.504000000000000            453.785202035024383            453.785202035024383 
             1.507000000000000            421.380526075846319            421.380526075846319 
             1.510000000000000            390.807980021894195            390.807980021894195 
             1.513000000000000            361.980476910589232            361.980476910589232 
             1.516000000000000            334.815014053817549            334.815014053817549 
             1.519000000000000            309.232476143642714            309.232476143642714 
             1.522000000000000            285.157448246985211            285.157448246985211 
             1.525000000000000            262.518038169607735            262.518038169607735 
             1.528000000000000            241.245707698245951            241.245707698245951 
             1.531000000000000            221.275112256791317            221.275112256791317 
             1.534000000000000            202.543948537736952            202.543948537736952 
             1.537000000000000            184.992809694138003            184.992809694138003 
             1.540000000000000            168.565047699839056            168.565047699839056 
             1.543000000000000            153.206642507095040            153.206642507095040 
             1.546000000000000            138.866077650726453            138.866077650726453 
             1.549000000000000            125.494221966965469            125.494221966965469 
             1.552000000000000            113.044217112967530            113.044217112967530 
             1.555000000000000            101.471370589889091            101.471370589889091 
             1.558000000000000             90.733053988297783             90.733053988297783 
             1.561000000000000             80.788606189776900             80.788606189776900 
             1.564000000000000             71.599241272703225             71.599241272703225 
             1.567000000000000             63.127960883648917             63.127960883648917 
             1.570000000000000             55.339470848445373             55.339470848445373 
             1.573000000000000             48.200101808959282             48.200101808959282 
             1.576000000000000             41.677733682866645             41.677733682866645 
             1.579000000000000             35.741723754428520             35.741723754428520 
             1.582000000000000             30.362838214310848             30.362838214310848 
             1.585000000000000             25.513186976053092             25.513186976053092 
             1.588000000000000             21.166161605768117             21.166161605768117 
             1.591000000000000             17.296376210195085             17.296376210195085 
             1.594000000000000             13.879611136253910             13.879611136253910 
             1.597000000000000             10.892759342888137             10.892759342888137 
             1.600000000000000              8.313775313158578              8.313775313158578 
             1.603000000000000              6.121626381386469              6.121626381386469 
             1.606000000000000              4.296246356565669              4.296246356565669 
             1.609000000000000              2.818491329384276              2.818491329384276 
             1.612000000000000              1.670097555944938              1.670097555944938 
             1.615000000000000              0.833641316757783              0.833641316757783 
             1.618000000000000              0.292500654725747              0.292500654725747 
             1.621000000000000              0.030818900761842              0.030818900761842 
             1.624000000000000              0.011277728972933              0.010796772944955 
             1.627000000000000              0.035507063698780              0.033882110482061 
             1.630000000000000              0.059736398424628              0.056967448019169 
             1.633000000000000              0.083965733150476              0.080052785556278 
             1.636000000000000              0.108195067876325              0.103138123093386 
             1.639000000000000              0.132424402602171              0.126223460630493 
             1.642000000000000              0.156653737328018              0.149308798167599 
             1.645000000000000              0.180883072053867              0.172394135704709 
             1.648000000000000              0.205112406779715              0.195479473241818 
             1.651000000000000              0.229341741505563              0.218564810778924 
             1.654000000000000              0.253571076231410              0.241650148316031 
             1.657000000000000              0.277800410957258              0.264735485853139 
             1.660000000000000              0.302029745683106              0.287820823390248 
             1.663000000000000              0.326259080408953              0.310906160927356 
             1.666000000000000              0.350488415134800              0.333991498464462 
             1.669000000000000              0.374717749860649              0.357076836001571 
             1.672000000000000              0.398947084586498              0.380162173538679 
             1.675000000000000              0.423176419312345              0.403247511075786 
             1.678000000000000              0.447405754038190              0.426332848612894 
             1.681000000000000              0.471635088764039              0.449418186150002 
             1.684000000000000              0.495864423489888              0.472503523687111 
             1.687000000000000              0.520093758215735              0.495588861224217 
             1.690000000000000              0.544323092941582              0.518674198761325 
             1.693000000000000              0.568552427667431              0.541759536298432 
             1.696000000000000              0.592781762393280              0.564844873835542 
             1.699000000000000              0.617011097119125              0.587930211372649 
             1.702000000000000              0.641240431844972              0.611015548909755 
             1.705000000000000              0.665469766570821              0.634100886446864 
             1.708000000000000              0.689699101296668              0.657186223983970 
             1.711000000000000              0.713928436022515              0.680271561521078 
             1.714000000000000              0.738157770748364              0.703356899058187 
             1.717000000000000              0.762387105474211              0.726442236595295 
             1.720000000000000              0.786616440200058              0.749527574132403 
             1.723000000000000              0.810845774925905              0.772612911669508 
             1.726000000000000              0.835075109651754              0.795698249206618 
             1.729000000000000              0.859304444377603              0.818783586743727 
             1.732000000000000              0.883533779103450              0.841868924280833 
             1.735000000000000              0.907763113829297              0.864954261817941 
             1.738000000000000              0.931992448555144              0.888039599355048 
             1.741000000000000              0.956221783280993              0.911124936892158 
             1.744000000000000              0.980451118006840              0.934210274429265 
             1.747000000000000              1.004680452732687              0.957295611966371 
             1.750000000000000              1.028909787458536              0.980380949503481 
             1.753000000000000              1.053139122184385              1.003466287040588 
             1.756000000000000              1.077368456910230              1.026551624577696 
             1.759000000000000              1.101597791636078              1.049636962114803 
             1.762000000000000              1.125827126361926              1.072722299651911 
             1.765000000000000              1.150056461087775              1.095807637189020 
             1.768000000000000              1.174285795813622              1.118892974726126 
             1.771000000000000              1.198515130539469              1.141978312263234 
             1.774000000000000              1.222744465265318              1.165063649800341 
             1.777000000000000              1.246973799991165              1.188148987337451 
             1.780000000000000              1.271203134717013              1.211234324874559 
             1.783000000000000              1.295432469442860              1.234319662411664 
             1.786000000000000              1.319661804168708              1.257404999948774 
             1.789000000000000              1.343891138894557              1.280490337485881 
             1.792000000000000              1.368120473620404              1.303575675022989 
             1.795000000000000              1.392349808346250              1.326661012560097 
             1.798000000000000              1.416579143072099              1.349746350097204 
             1.801000000000000              1.440808477797948              1.372831687634314 
             1.804000000000000              1.465037812523795              1.395917025171419 
             1.807000000000000              1.489267147249642              1.419002362708527 
             1.810000000000000              1.513496481975491              1.442087700245636 
             1.813000000000000              1.537725816701339              1.465173037782744 
             1.816000000000000              1.561955151427185              1.488258375319852 
             1.819000000000000              1.586184486153032              1.511343712856958 
             1.822000000000000              1.610413820878881              1.534429050394067 
             1.825000000000000              1.634643155604730              1.557514387931176 
             1.828000000000000              1.658872490330577              1.580599725468282 
             1.831000000000000              1.683101825056424              1.603685063005390 
             1.834000000000000              1.707331159782271              1.626770400542497 
             1.837000000000000              1.731560494508120              1.649855738079607 
             1.840000000000000              1.755789829233967              1.672941075616714 
             1.843000000000000              1.780019163959814              1.696026413153820 
             1.846000000000000              1.804248498685661              1.719111750690928 
             1.849000000000000              1.828477833411510              1.742197088228036 
             1.852000000000000              1.852707168137355              1.765282425765143 
             1.855000000000000              1.876936502863204              1.788367763302253 
             1.858000000000000              1.901165837589051              1.811453100839358 
             1.861000000000000              1.925395172314900              1.834538438376468 
             1.864000000000000              1.949624507040747              1.857623775913574 
             1.867000000000000              1.973853841766596              1.880709113450683 
             1.870000000000000              1.998083176492443              1.903794450987789 
             1.873000000000000              2.022312511218290              1.926879788524898 
             1.876000000000000              2.046541845944137              1.949965126062006 
             1.879000000000000              2.070771180669986              1.973050463599114 
             1.882000000000000              2.095000515395833              1.996135801136221 
             1.885000000000000              2.119229850121682              2.019221138673329 
             1.888000000000000              2.143459184847529              2.042306476210436 
             1.891000000000000              2.167688519573376              2.065391813747546 
             1.894000000000000              2.191917854299223              2.088477151284652 
             1.897000000000000              2.216147189025072              2.111562488821761 
             1.900000000000000              2.240376523750919              2.134647826358867 
             1.903000000000000              2.264605858476768              2.157733163895976 
             1.906000000000000              2.288835193202615              2.180818501433084 
             1.909000000000000              2.313064527928464              2.203903838970191 
             1.912000000000000              2.337293862654310              2.226989176507299 
             1.915000000000000              2.361523197380158              2.250074514044407 
             1.918000000000000              2.385752532106006              2.273159851581514 
             1.921000000000000              2.409981866831854              2.296245189118624 
             1.924000000000000              2.434211201557702              2.319330526655730 
             1.927000000000000              2.458440536283550              2.342415864192839 
             1.930000000000000              2.482669871009396              2.365501201729945 
             1.933000000000000              2.506899205735245              2.388586539267054 
             1.936000000000000              2.531128540461092              2.411671876804162 
             1.939000000000000              2.555357875186941              2.434757214341269 
             1.942000000000000              2.579587209912788              2.457842551878377 
             1.945000000000000              2.603816544638637              2.480927889415485 
             1.948000000000000              2.628045879364484              2.504013226952592 
             1.951000000000000              2.652275214090331              2.527098564489700 
             1.954000000000000              2.676504548816178              2.550183902026808 
             1.957000000000000              2.700733883542027              2.573269239563917 
             1.960000000000000              2.724963218267874              2.596354577101023 
             1.963000000000000              2.749192552993723              2.619439914638132 
             1.966000000000000              2.773421887719570              2.642525252175238 
             1.969000000000000              2.797651222445417              2.665610589712347 
             1.972000000000000              2.821880557171264              2.688695927249455 
             1.975000000000000              2.846109891897113              2.711781264786563 
             1.978000000000000              2.870339226622960              2.734866602323670 
             1.981000000000000              2.894568561348809              2.757951939860778 
             1.984000000000000              2.918797896074656              2.781037277397886 
             1.987000000000000              2.943027230800505              2.804122614934995 
             1.990000000000000              2.967256565526350              2.827207952472101 
             1.993000000000000              2.991485900252199              2.850293290009210 
             1.996000000000000              3.015715234978046              2.873378627546316 
             1.999000000000000              3.039944569703895              2.896463965083425 
             2.002000000000000              3.064173904429740              2.919549302620531 
             2.005000000000000              3.088403239155589              2.942634640157639 
             2.008000000000000              3.112632573881436              2.965719977694748 
             2.011000000000000              3.136861908607285              2.988805315231856 
             2.014000000000000              3.161091243333134              3.011890652768965 
             2.017000000000000              3.185320578058983              3.034975990306073 
             2.020000000000000              3.209549912784828              3.058061327843179 
             2.023000000000000              3.233779247510677              3.081146665380288 
             2.026000000000000              3.258008582236521              3.104232002917392 
             2.029000000000000              3.282237916962369              3.127317340454502 
             2.032000000000000              3.306467251688218              3.150402677991609 
             2.035000000000000              3.330696586414067              3.173488015528719 
             2.038000000000000              3.354925921139913              3.196573353065824 
             2.041000000000000              3.379155255865761              3.219658690602932 
             2.044000000000000              3.403384590591610              3.242744028140041 
             2.047000000000000              3.427613925317454              3.265829365677147 
             2.050000000000000              3.451843260043303              3.288914703214255 
             2.053000000000000              3.476072594769152              3.312000040751364 
             2.056000000000000              3.500301929495000              3.335085378288472 
             2.059000000000000              3.524531264220849              3.358170715825581 
             2.062000000000000              3.548760598946695              3.381256053362685 
             2.065000000000000              3.572989933672542              3.404341390899795 
             2.068000000000000              3.597219268398391              3.427426728436904 
             2.071000000000000              3.621448603124236              3.450512065974008 
             2.074000000000000              3.645677937850085              3.473597403511118 
             2.077000000000000              3.669907272575934              3.496682741048225 
             2.080000000000000              3.694136607301783              3.519768078585335 
             2.083000000000000              3.718365942027631              3.542853416122444 
             2.086000000000000              3.742595276753475              3.565938753659548 
             2.089000000000000              3.766824611479324              3.589024091196658 
             2.092000000000000              3.791053946205173              3.612109428733765 
             2.095000000000000              3.815283280931018              3.635194766270871 
             2.098000000000000              3.839512615656867              3.658280103807980 
             2.101000000000000              3.863741950382716              3.681365441345088 
             2.104000000000000              3.887971285108563              3.704450778882197 
             2.107000000000000              3.912200619834412              3.727536116419305 
             2.110000000000000              3.936429954560257              3.750621453956411 
             2.113000000000000              3.960659289286106              3.773706791493520 
             2.116000000000000              3.984888624011955              3.796792129030628 
             2.119000000000000              4.009117958737800              3.819877466567734 
             2.122000000000000              4.033347293463649              3.842962804104841 
             2.125000000000000              4.057576628189496              3.866048141641951 
             2.128000000000000              4.081805962915345              3.889133479179058 
             2.131000000000000              4.106035297641194              3.912218816716168 
             2.134000000000000              4.130264632367039              3.935304154253274 
             2.137000000000000              4.154493967092888              3.958389491790381 
             2.140000000000000              4.178723301818737              3.981474829327491 
             2.143000000000000              4.202952636544580              4.004560166864595 
             2.146000000000000              4.227181971270429              4.027645504401704 
             2.149000000000000              4.251411305996278              4.050730841938813 
             2.152000000000000              4.275640640722127              4.073816179475921 
             2.155000000000000              4.299869975447976              4.096901517013031 
             2.158000000000000              4.324099310173821              4.119986854550135 
             2.161000000000000              4.348328644899670              4.143072192087244 
             2.164000000000000              4.372557979625517              4.166157529624353 
             2.167000000000000              4.396787314351362              4.189242867161457 
             2.170000000000000              4.421016649077211              4.212328204698567 
             2.173000000000000              4.445245983803060              4.235413542235674 
             2.176000000000000              4.469475318528909              4.258498879772784 
             2.179000000000000              4.493704653254758              4.281584217309893 
             2.182000000000000              4.517933987980602              4.304669554846997 
             2.185000000000000              4.542163322706450              4.327754892384107 
             2.188000000000000              4.566392657432299              4.350840229921214 
             2.191000000000000              4.590621992158145              4.373925567458320 
             2.194000000000000              4.614851326883993              4.397010904995430 
             2.197000000000000              4.639080661609842              4.420096242532537 
             2.200000000000000              4.663309996335691              4.443181580069647 
             2.203000000000000              4.687539331061538              4.466266917606754 
             2.206000000000000              4.711768665787384              4.489352255143860 
             2.209000000000000              4.735998000513232              4.512437592680968 
             2.212000000000000              4.760227335239081              4.535522930218077 
             2.215000000000000              4.784456669964927              4.558608267755183 
             2.218000000000000              4.808686004690776              4.581693605292291 
             2.221000000000000              4.832915339416623              4.604778942829400 
             2.224000000000000              4.857144674142472              4.627864280366508 
             2.227000000000000              4.881374008868317              4.650949617903613 
             2.230000000000000              4.905603343594166              4.674034955440723 
             2.233000000000000              4.929832678320011              4.697120292977827 
             2.236000000000000              4.954062013045860              4.720205630514936 
             2.239000000000000              4.978291347771707              4.743290968052044 
             2.242000000000000              5.002520682497556              4.766376305589153 
             2.245000000000000              5.026750017223405              4.789461643126263 
             2.248000000000000              5.050979351949254              4.812546980663370 
             2.251000000000000              5.075208686675099              4.835632318200476 
             2.254000000000000              5.099438021400948              4.858717655737584 
             2.257000000000000              5.123667356126793              4.881802993274690 
             2.260000000000000              5.147896690852640              4.904888330811799 
             2.263000000000000              5.172126025578489              4.927973668348907 
             2.266000000000000              5.196355360304338              4.951059005886016 
             2.269000000000000              5.220584695030187              4.974144343423124 
             2.272000000000000              5.244814029756036              4.997229680960233 
             2.275000000000000              5.269043364481881              5.020315018497339 
             2.278000000000000              5.293272699207728              5.043400356034446 
             2.281000000000000              5.317502033933573              5.066485693571552 
             2.284000000000000              5.341731368659422              5.089571031108660 
             2.287000000000000              5.365960703385271              5.112656368645769 
             2.290000000000000              5.390190038111120              5.135741706182877 
             2.293000000000000              5.414419372836969              5.158827043719986 
             2.296000000000000              5.438648707562818              5.181912381257096 
             2.299000000000000              5.462878042288661              5.204997718794200 
             2.302000000000000              5.487107377014510              5.228083056331309 
             2.305000000000000              5.511336711740356              5.251168393868415 
             2.308000000000000              5.535566046466204              5.274253731405523 
             2.311000000000000              5.559795381192053              5.297339068942632 
             2.314000000000000              5.584024715917902              5.320424406479740 
             2.317000000000000              5.608254050643749              5.343509744016849 
             2.320000000000000              5.632483385369598              5.366595081553957 
             2.323000000000000              5.656712720095443              5.389680419091063 
             2.326000000000000              5.680942054821292              5.412765756628172 
             2.329000000000000              5.705171389547138              5.435851094165276 
             2.332000000000000              5.729400724272987              5.458936431702385 
             2.335000000000000              5.753630058998835              5.482021769239493 
             2.338000000000000              5.777859393724682              5.505107106776602 
             2.341000000000000              5.802088728450531              5.528192444313712 
             2.344000000000000              5.826318063176380              5.551277781850819 
             2.347000000000000              5.850547397902226              5.574363119387925 
             2.350000000000000              5.874776732628074              5.597448456925033 
             2.353000000000000              5.899006067353920              5.620533794462139 
             2.356000000000000              5.923235402079767              5.643619131999248 
             2.359000000000000              5.947464736805616              5.666704469536356 
             2.362000000000000              5.971694071531465              5.689789807073465 
             2.365000000000000              5.995923406257313              5.712875144610573 
             2.368000000000000              6.020152740983162              5.735960482147682 
             2.371000000000000              6.044382075709008              5.759045819684788 
             2.374000000000000              6.068611410434857              5.782131157221896 
             2.377000000000000              6.092840745160700              5.805216494759001 
             2.380000000000000              6.117070079886549              5.828301832296109 
             2.383000000000000              6.141299414612398              5.851387169833218 
             2.386000000000000              6.165528749338247              5.874472507370326 
             2.389000000000000              6.189758084064096              5.897557844907436 
             2.392000000000000              6.213987418789944              5.920643182444545 
             2.395000000000000              6.238216753515788              5.943728519981649 
             2.398000000000000              6.262446088241637              5.966813857518758 
             2.401000000000000              6.286675422967482              5.989899195055862 
             2.404000000000000              6.310904757693331              6.012984532592972 
             2.407000000000000              6.335134092419180              6.036069870130081 
             2.410000000000000              6.359363427145029              6.059155207667189 
             2.413000000000000              6.383592761870872              6.082240545204295 
             2.416000000000000              6.407822096596721              6.105325882741402 
             2.419000000000000              6.432051431322570              6.128411220278512 
             2.422000000000000              6.456280766048415              6.151496557815618 
             2.425000000000000              6.480510100774264              6.174581895352725 
             2.428000000000000              6.504739435500113              6.197667232889835 
             2.431000000000000              6.528968770225962              6.220752570426942 
             2.434000000000000              6.553198104951809              6.243837907964052 
             2.437000000000000              6.577427439677654              6.266923245501157 
             2.440000000000000              6.601656774403503              6.290008583038265 
             2.443000000000000              6.625886109129352              6.313093920575374 
             2.446000000000000              6.650115443855197              6.336179258112479 
             2.449000000000000              6.674344778581046              6.359264595649588 
             2.452000000000000              6.698574113306893              6.382349933186697 
             2.455000000000000              6.722803448032742              6.405435270723805 
             2.458000000000000              6.747032782758591              6.428520608260914 
             2.461000000000000              6.771262117484437              6.451605945798018 
             2.464000000000000              6.795491452210285              6.474691283335128 
             2.467000000000000              6.819720786936134              6.497776620872235 
             2.470000000000000              6.843950121661980              6.520861958409341 
             2.473000000000000              6.868179456387827              6.543947295946451 
             2.476000000000000              6.892408791113676              6.567032633483558 
             2.479000000000000              6.916638125839524              6.590117971020668 
             2.482000000000000              6.940867460565372              6.613203308557775 
             2.485000000000000              6.965096795291217              6.636288646094881 
             2.488000000000000              6.989326130017066              6.659373983631991 
             2.491000000000000              7.013555464742915              6.682459321169098 
             2.494000000000000              7.037784799468760              6.705544658706204 
             2.497000000000000              7.062014134194609              6.728629996243312 
             2.500000000000000              7.086243468920458              6.751715333780421 
             2.503000000000000              7.110472803646307              6.774800671317530 
             2.506000000000000              7.134702138372155              6.797886008854638 
             2.509000000000000              7.158931473098001              6.820971346391744 
             2.512000000000000              7.183160807823850              6.844056683928851 
             2.515000000000000              7.207390142549698              6.867142021465961 
             2.518000000000000              7.231619477275544              6.890227359003067 
             2.521000000000000              7.255848812001389              6.913312696540174 
             2.524000000000000              7.280078146727238              6.936398034077284 
             2.527000000000000              7.304307481453087              6.959483371614391 
             2.530000000000000              7.328536816178936              6.982568709151501 
             2.533000000000000              7.352766150904781              7.005654046688607 
             2.536000000000000              7.376995485630630              7.028739384225714 
             2.539000000000000              7.401224820356479              7.051824721762824 
             2.542000000000000              7.425454155082324              7.074910059299928 
             2.545000000000000              7.449683489808173              7.097995396837037 
             2.548000000000000              7.473912824534022              7.121080734374145 
             2.551000000000000              7.498142159259871              7.144166071911254 
             2.554000000000000              7.522371493985720              7.167251409448363 
             2.557000000000000              7.546600828711565              7.190336746985468 
             2.560000000000000              7.570830163437410              7.213422084522577 
             2.563000000000000              7.595059498163259              7.236507422059685 
             2.566000000000000              7.619288832889104              7.259592759596790 
             2.569000000000000              7.643518167614953              7.282678097133900 
             2.572000000000000              7.667747502340802              7.305763434671007 
             2.575000000000000              7.691976837066651              7.328848772208117 
             2.578000000000000              7.716206171792500              7.351934109745224 
             2.581000000000000              7.740435506518345              7.375019447282330 
             2.584000000000000              7.764664841244194              7.398104784819438 
             2.587000000000000              7.788894175970043              7.421190122356549 
             2.590000000000000              7.813123510695888              7.444275459893653 
             2.593000000000000              7.837352845421737              7.467360797430761 
             2.596000000000000              7.861582180147586              7.490446134967868 
             2.599000000000000              7.885811514873431              7.513531472504980 
             2.602000000000000              7.910040849599280              7.536616810042087 
             2.605000000000000              7.934270184325126              7.559702147579191 
             2.608000000000000              7.958499519050974              7.582787485116302 
             2.611000000000000              7.982728853776823              7.605872822653410 
             2.614000000000000              8.006958188502669              7.628958160190514 
             2.617000000000000              8.031187523228517              7.652043497727625 
             2.620000000000000              8.055416857954366              7.675128835264733 
             2.623000000000000              8.079646192680215              7.698214172801841 
             2.626000000000000              8.103875527406064              7.721299510338948 
             2.629000000000000              8.128104862131909              7.744384847876056 
             2.632000000000000              8.152334196857758              7.767470185413163 
             2.635000000000000              8.176563531583607              7.790555522950271 
             2.638000000000000              8.200792866309449              7.813640860487379 
             2.641000000000000              8.225022201035298              7.836726198024486 
             2.644000000000000              8.249251535761147              7.859811535561594 
             2.647000000000000              8.273480870486996              7.882896873098705 
             2.650000000000000              8.297710205212844              7.905982210635813 
             2.653000000000000              8.321939539938690              7.929067548172917 
             2.656000000000000              8.346168874664539              7.952152885710024 
             2.659000000000000              8.370398209390387              7.975238223247135 
             2.662000000000000              8.394627544116233              7.998323560784240 
             2.665000000000000              8.418856878842082              8.021408898321347 
             2.668000000000000              8.443086213567931              8.044494235858458 
             2.671000000000000              8.467315548293779              8.067579573395566 
             2.674000000000000              8.491544883019628              8.090664910932674 
             2.677000000000000              8.515774217745470              8.113750248469778 
             2.680000000000000              8.540003552471319              8.136835586006889 
             2.683000000000000              8.564232887197168              8.159920923543996 
             2.686000000000000              8.588462221923013              8.183006261081101 
             2.689000000000000              8.612691556648862              8.206091598618212 
             2.692000000000000              8.636920891374707              8.229176936155316 
             2.695000000000000              8.661150226100556              8.252262273692423 
             2.698000000000000              8.685379560826405              8.275347611229535 
             2.701000000000000              8.709608895552250              8.298432948766639 
             2.704000000000000              8.733838230278099              8.321518286303746 
             2.707000000000000              8.758067565003948              8.344603623840854 
             2.710000000000000              8.782296899729797              8.367688961377965 
             2.713000000000000              8.806526234455642              8.390774298915073 
             2.716000000000000              8.830755569181488              8.413859636452177 
             2.719000000000000              8.854984903907337              8.436944973989288 
             2.722000000000000              8.879214238633185              8.460030311526396 
             2.725000000000000              8.903443573359031              8.483115649063500 
             2.728000000000000              8.927672908084880              8.506200986600611 
             2.731000000000000              8.951902242810728              8.529286324137718 
             2.734000000000000              8.976131577536577              8.552371661674826 
             2.737000000000000              9.000360912262426              8.575456999211934 
             2.740000000000000              9.024590246988272              8.598542336749041 
             2.743000000000000              9.048819581714120              8.621627674286149 
             2.746000000000000              9.073048916439969              8.644713011823256 
             2.749000000000000              9.097278251165815              8.667798349360364 
             2.752000000000000              9.121507585891660              8.690883686897472 
             2.755000000000000              9.145736920617509              8.713969024434579 
             2.758000000000000              9.169966255343358              8.737054361971687 
             2.761000000000000              9.194195590069207              8.760139699508798 
             2.764000000000000              9.218424924795052              8.783225037045902 
             2.767000000000000              9.242654259520901              8.806310374583010 
             2.770000000000000              9.266883594246750              8.829395712120121 
             2.773000000000000              9.291112928972595              8.852481049657225 
             2.776000000000000              9.315342263698444              8.875566387194333 
             2.779000000000000              9.339571598424293              8.898651724731444 
             2.782000000000000              9.363800933150142              8.921737062268551 
             2.785000000000000              9.388030267875990              8.944822399805659 
             2.788000000000000              9.412259602601836              8.967907737342763 
             2.791000000000000              9.436488937327681              8.990993074879874 
             2.794000000000000              9.460718272053530              9.014078412416982 
             2.797000000000000              9.484947606779375              9.037163749954086 
             2.800000000000000              9.509176941505224              9.060249087491197 
             2.803000000000000              9.533406276231073              9.083334425028305 
             2.806000000000000              9.557635610956922              9.106419762565412 
             2.809000000000000              9.581864945682771              9.129505100102524 
             2.812000000000000              9.606094280408616              9.152590437639628 
             2.815000000000000              9.630323615134465              9.175675775176735 
             2.818000000000000              9.654552949860314              9.198761112713843 
             2.821000000000000              9.678782284586159              9.221846450250951 
             2.824000000000000              9.703011619312008              9.244931787788058 
             2.827000000000000              9.727240954037857              9.268017125325166 
             2.830000000000000              9.751470288763702              9.291102462862277 
             2.833000000000000              9.775699623489551              9.314187800399385 
             2.836000000000000              9.799928958215396              9.337273137936489 
             2.839000000000000              9.824158292941245              9.360358475473600 
             2.842000000000000              9.848387627667094              9.383443813010707 
             2.845000000000000              9.872616962392939              9.406529150547811 
             2.848000000000000              9.896846297118788              9.429614488084919 
             2.851000000000000              9.921075631844637              9.452699825622030 
             2.854000000000000              9.945304966570486              9.475785163159138 
             2.857000000000000              9.969534301296335              9.498870500696246 
             2.860000000000000              9.993763636022180              9.521955838233353 
             2.863000000000000             10.017992970748029              9.545041175770461 
             2.866000000000000             10.042222305473878              9.568126513307568 
             2.869000000000000             10.066451640199720              9.591211850844672 
             2.872000000000000             10.090680974925569              9.614297188381784 
             2.875000000000000             10.114910309651417              9.637382525918891 
             2.878000000000000             10.139139644377266              9.660467863455999 
             2.881000000000000             10.163368979103115              9.683553200993110 
             2.884000000000000             10.187598313828961              9.706638538530214 
             2.887000000000000             10.211827648554809              9.729723876067322 
             2.890000000000000             10.236056983280658              9.752809213604433 
             2.893000000000000             10.260286318006504              9.775894551141537 
             2.896000000000000             10.284515652732352              9.798979888678645 
             2.899000000000000             10.308744987458201              9.822065226215752 
             2.902000000000000             10.332974322184050              9.845150563752863 
             2.905000000000000             10.357203656909899              9.868235901289971 
             2.908000000000000             10.381432991635741              9.891321238827075 
             2.911000000000000             10.405662326361590              9.914406576364186 
             2.914000000000000             10.429891661087439              9.937491913901294 
             2.917000000000000             10.454120995813284              9.960577251438398 
             2.920000000000000             10.478350330539133              9.983662588975509 
             2.923000000000000             10.502579665264982             10.006747926512617 
             2.926000000000000             10.526808999990831             10.029833264049724 
             2.929000000000000             10.551038334716679             10.052918601586832 
             2.932000000000000             10.575267669442525             10.076003939123940 
             2.935000000000000             10.599497004168374             10.099089276661047 
             2.938000000000000             10.623726338894222             10.122174614198155 
             2.941000000000000             10.647955673620068             10.145259951735262 
             2.944000000000000             10.672185008345917             10.168345289272370 
             2.947000000000000             10.696414343071762             10.191430626809478 
             2.950000000000000             10.720643677797611             10.214515964346585 
             2.953000000000000             10.744873012523460             10.237601301883696 
             2.956000000000000             10.769102347249305             10.260686639420801 
             2.959000000000000             10.793331681975154             10.283771976957908 
             2.962000000000000             10.817561016701003             10.306857314495019 
             2.965000000000000             10.841790351426848             10.329942652032123 
             2.968000000000000             10.866019686152697             10.353027989569231 
             2.971000000000000             10.890249020878546             10.376113327106342 
             2.974000000000000             10.914478355604395             10.399198664643450 
             2.977000000000000             10.938707690330244             10.422284002180557 
             2.980000000000000             10.962937025056089             10.445369339717661 
             2.983000000000000             10.987166359781938             10.468454677254773 
             2.986000000000000             11.011395694507783             10.491540014791880 
             2.989000000000000             11.035625029233628             10.514625352328984 
             2.992000000000000             11.059854363959477             10.537710689866095 
             2.995000000000000             11.084083698685326             10.560796027403203 
             2.998000000000000             11.108313033411175             10.583881364940311 
             3.001000000000000             11.132542368137024             10.606966702477418 
             3.004000000000000             11.156771702862869             10.630052040014526 
             3.007000000000000             11.181001037588718             10.653137377551634 
             3.010000000000000             11.205230372314567             10.676222715088741 
             3.013000000000000             11.229459707040412             10.699308052625849 
             3.016000000000000             11.253689041766261             10.722393390162956 
             3.019000000000000             11.277918376492110             10.745478727700064 
             3.022000000000000             11.302147711217959             10.768564065237175 
             3.025000000000000             11.326377045943804             10.791649402774283 
             3.028000000000000             11.350606380669650             10.814734740311387 
             3.031000000000000             11.374835715395498             10.837820077848495 
             3.034000000000000             11.399065050121347             10.860905415385606 
             3.037000000000000             11.423294384847193             10.883990752922710 
             3.040000000000000             11.447523719573041             10.907076090459817 
             3.043000000000000             11.471753054298890             10.930161427996929 
             3.046000000000000             11.495982389024739             10.953246765534036 
             3.049000000000000             11.520211723750588             10.976332103071144 
             3.052000000000000             11.544441058476433             10.999417440608251 
             3.055000000000000             11.568670393202282             11.022502778145359 
             3.058000000000000             11.592899727928131             11.045588115682467 
             3.061000000000000             11.617129062653976             11.068673453219571 
             3.064000000000000             11.641358397379822             11.091758790756682 
             3.067000000000000             11.665587732105667             11.114844128293786 
             3.070000000000000             11.689817066831516             11.137929465830894 
             3.073000000000000             11.714046401557365             11.161014803368005 
             3.076000000000000             11.738275736283210             11.184100140905109 
             3.079000000000000             11.762505071009059             11.207185478442216 
             3.082000000000000             11.786734405734908             11.230270815979328 
             3.085000000000000             11.810963740460757             11.253356153516435 
             3.088000000000000             11.835193075186606             11.276441491053543 
             3.091000000000000             11.859422409912451             11.299526828590647 
             3.094000000000000             11.883651744638300             11.322612166127758 
             3.097000000000000             11.907881079364149             11.345697503664866 
             3.100000000000000             11.932110414089991             11.368782841201970 
             3.103000000000000             11.956339748815839             11.391868178739081 
             3.106000000000000             11.980569083541688             11.414953516276189 
             3.109000000000000             12.004798418267537             11.438038853813296 
             3.112000000000000             12.029027752993386             11.461124191350404 
             3.115000000000000             12.053257087719231             11.484209528887511 
             3.118000000000000             12.077486422445080             11.507294866424619 
             3.121000000000000             12.101715757170929             11.530380203961727 
             3.124000000000000             12.125945091896774             11.553465541498834 
             3.127000000000000             12.150174426622623             11.576550879035942 
             3.130000000000000             12.174403761348472             11.599636216573050 
             3.133000000000000             12.198633096074321             11.622721554110161 
             3.136000000000000             12.222862430800170             11.645806891647268 
             3.139000000000000             12.247091765526012             11.668892229184372 
             3.142000000000000             12.271321100251861             11.691977566721480 
             3.145000000000000             12.295550434977709             11.715062904258591 
             3.148000000000000             12.319779769703555             11.738148241795695 
             3.151000000000000             12.344009104429404             11.761233579332803 
             3.154000000000000             12.368238439155252             11.784318916869914 
             3.157000000000000             12.392467773881101             11.807404254407022 
             3.160000000000000             12.416697108606950             11.830489591944129 
             3.163000000000000             12.440926443332796             11.853574929481237 
             3.166000000000000             12.465155778058644             11.876660267018345 
             3.169000000000000             12.489385112784493             11.899745604555452 
             3.172000000000000             12.513614447510339             11.922830942092556 
             3.175000000000000             12.537843782236187             11.945916279629667 
             3.178000000000000             12.562073116962033             11.969001617166775 
             3.181000000000000             12.586302451687882             11.992086954703883 
             3.184000000000000             12.610531786413731             12.015172292240994 
             3.187000000000000             12.634761121139576             12.038257629778098 
             3.190000000000000             12.658990455865425             12.061342967315205 
             3.193000000000000             12.683219790591274             12.084428304852313 
             3.196000000000000             12.707449125317119             12.107513642389421 
             3.199000000000000             12.731678460042968             12.130598979926528 
             3.202000000000000             12.755907794768817             12.153684317463636 
             3.205000000000000             12.780137129494666             12.176769655000747 
             3.208000000000000             12.804366464220514             12.199854992537855 
             3.211000000000000             12.828595798946360             12.222940330074959 
             3.214000000000000             12.852825133672209             12.246025667612070 
             3.217000000000000             12.877054468398054             12.269111005149178 
             3.220000000000000             12.901283803123899             12.292196342686282 
             3.223000000000000             12.925513137849748             12.315281680223389 
             3.226000000000000             12.949742472575597             12.338367017760500 
             3.229000000000000             12.973971807301446             12.361452355297608 
             3.232000000000000             12.998201142027295             12.384537692834716 
             3.235000000000000             13.022430476753140             12.407623030371823 
             3.238000000000000             13.046659811478989             12.430708367908931 
             3.241000000000000             13.070889146204838             12.453793705446039 
             3.244000000000000             13.095118480930683             12.476879042983146 
             3.247000000000000             13.119347815656532             12.499964380520254 
             3.250000000000000             13.143577150382381             12.523049718057361 
             3.253000000000000             13.167806485108230             12.546135055594469 
             3.256000000000000             13.192035819834075             12.569220393131580 
             3.259000000000000             13.216265154559920             12.592305730668684 
             3.262000000000000             13.240494489285769             12.615391068205792 
             3.265000000000000             13.264723824011618             12.638476405742903 
             3.268000000000000             13.288953158737463             12.661561743280007 
             3.271000000000000             13.313182493463312             12.684647080817115 
             3.274000000000000             13.337411828189161             12.707732418354222 
             3.277000000000000             13.361641162915010             12.730817755891334 
             3.280000000000000             13.385870497640859             12.753903093428441 
             3.283000000000000             13.410099832366704             12.776988430965545 
             3.286000000000000             13.434329167092553             12.800073768502656 
             3.289000000000000             13.458558501818402             12.823159106039764 
             3.292000000000000             13.482787836544247             12.846244443576868 
             3.295000000000000             13.507017171270093             12.869329781113979 
             3.298000000000000             13.531246505995941             12.892415118651087 
             3.301000000000000             13.555475840721790             12.915500456188195 
             3.304000000000000             13.579705175447639             12.938585793725302 
             3.307000000000000             13.603934510173485             12.961671131262410 
             3.310000000000000             13.628163844899333             12.984756468799517 
             3.313000000000000             13.652393179625182             13.007841806336625 
             3.316000000000000             13.676622514351028             13.030927143873733 
             3.319000000000000             13.700851849076876             13.054012481410840 
             3.322000000000000             13.725081183802725             13.077097818947948 
             3.325000000000000             13.749310518528574             13.100183156485059 
             3.328000000000000             13.773539853254423             13.123268494022167 
             3.331000000000000             13.797769187980268             13.146353831559271 
             3.334000000000000             13.821998522706114             13.169439169096378 
             3.337000000000000             13.846227857431963             13.192524506633490 
             3.340000000000000             13.870457192157808             13.215609844170594 
             3.343000000000000             13.894686526883657             13.238695181707701 
             3.346000000000000             13.918915861609506             13.261780519244812 
             3.349000000000000             13.943145196335355             13.284865856781920 
             3.352000000000000             13.967374531061203             13.307951194319028 
             3.355000000000000             13.991603865787049             13.331036531856135 
             3.358000000000000             14.015833200512898             13.354121869393243 
             3.361000000000000             14.040062535238746             13.377207206930350 
             3.364000000000000             14.064291869964592             13.400292544467455 
             3.367000000000000             14.088521204690441             13.423377882004566 
             3.370000000000000             14.112750539416290             13.446463219541673 
             3.373000000000000             14.136979874142135             13.469548557078781 
             3.376000000000000             14.161209208867984             13.492633894615892 
             3.379000000000000             14.185438543593829             13.515719232152996 
             3.382000000000000             14.209667878319678             13.538804569690104 
             3.385000000000000             14.233897213045527             13.561889907227211 
             3.388000000000000             14.258126547771372             13.584975244764319 
             3.391000000000000             14.282355882497221             13.608060582301427 
             3.394000000000000             14.306585217223070             13.631145919838534 
             3.397000000000000             14.330814551948919             13.654231257375645 
             3.400000000000000             14.355043886674768             13.677316594912753 
             3.403000000000000             14.379273221400613             13.700401932449857 
             3.406000000000000             14.403502556126462             13.723487269986968 
             3.409000000000000             14.427731890852311             13.746572607524076 
             3.412000000000000             14.451961225578152             13.769657945061180 
             3.415000000000000             14.476190560304001             13.792743282598288 
             3.418000000000000             14.500419895029850             13.815828620135399 
             3.421000000000000             14.524649229755699             13.838913957672506 
             3.424000000000000             14.548878564481548             13.861999295209614 
             3.427000000000000             14.573107899207393             13.885084632746722 
             3.430000000000000             14.597337233933242             13.908169970283829 
             3.433000000000000             14.621566568659091             13.931255307820937 
             3.436000000000000             14.645795903384936             13.954340645358045 
             3.439000000000000             14.670025238110785             13.977425982895152 
             3.442000000000000             14.694254572836631             14.000511320432256 
             3.445000000000000             14.718483907562479             14.023596657969364 
             3.448000000000000             14.742713242288328             14.046681995506475 
             3.451000000000000             14.766942577014170             14.069767333043579 
             3.454000000000000             14.791171911740019             14.092852670580687 
             3.457000000000000             14.815401246465868             14.115938008117798 
             3.460000000000000             14.839630581191717             14.139023345654905 
             3.463000000000000             14.863859915917566             14.162108683192013 
             3.466000000000000             14.888089250643411             14.185194020729117 
             3.469000000000000             14.912318585369260             14.208279358266228 
             3.472000000000000             14.936547920095109             14.231364695803336 
             3.475000000000000             14.960777254820954             14.254450033340440 
             3.478000000000000             14.985006589546803             14.277535370877551 
             3.481000000000000             15.009235924272652             14.300620708414659 
             3.484000000000000             15.033465258998501             14.323706045951766 
             3.487000000000000             15.057694593724349             14.346791383488878 
             3.490000000000000             15.081923928450191             14.369876721025982 
             3.493000000000000             15.106153263176040             14.392962058563089 
             3.496000000000000             15.130382597901889             14.416047396100197 
             3.499000000000000             15.154611932627734             14.439132733637305 
             3.502000000000000             15.178841267353583             14.462218071174412 
             3.505000000000000             15.203070602079432             14.485303408711520 
             3.508000000000000             15.227299936805281             14.508388746248631 
             3.511000000000000             15.251529271531130             14.531474083785739 
             3.514000000000000             15.275758606256975             14.554559421322843 
             3.517000000000000             15.299987940982824             14.577644758859954 
             3.520000000000000             15.324217275708673             14.600730096397061 
             3.523000000000000             15.348446610434518             14.623815433934165 
             3.526000000000000             15.372675945160363             14.646900771471273 
             3.529000000000000             15.396905279886212             14.669986109008384 
             3.532000000000000             15.421134614612061             14.693071446545492 
             3.535000000000000             15.445363949337910             14.716156784082600 
             3.538000000000000             15.469593284063755             14.739242121619707 
             3.541000000000000             15.493822618789604             14.762327459156815 
             3.544000000000000             15.518051953515453             14.785412796693922 
             3.547000000000000             15.542281288241298             14.808498134231030 
             3.550000000000000             15.566510622967147             14.831583471768138 
             3.553000000000000             15.590739957692996             14.854668809305245 
             3.556000000000000             15.614969292418845             14.877754146842353 
             3.559000000000000             15.639198627144694             14.900839484379464 
             3.562000000000000             15.663427961870539             14.923924821916568 
             3.565000000000000             15.687657296596385             14.947010159453676 
             3.568000000000000             15.711886631322233             14.970095496990787 
             3.571000000000000             15.736115966048079             14.993180834527891 
             3.574000000000000             15.760345300773928             15.016266172064999 
             3.577000000000000             15.784574635499776             15.039351509602106 
             3.580000000000000             15.808803970225625             15.062436847139217 
             3.583000000000000             15.833033304951474             15.085522184676325 
             3.586000000000000             15.857262639677320             15.108607522213429 
             3.589000000000000             15.881491974403168             15.131692859750540 
             3.592000000000000             15.905721309129017             15.154778197287648 
             3.595000000000000             15.929950643854863             15.177863534824752 
             3.598000000000000             15.954179978580711             15.200948872361863 
             3.601000000000000             15.978409313306560             15.224034209898971 
             3.604000000000000             16.002638648032406             15.247119547436078 
             3.607000000000000             16.026867982758255             15.270204884973186 
             3.610000000000000             16.051097317484100             15.293290222510294 
             3.613000000000000             16.075326652209949             15.316375560047401 
             3.616000000000000             16.099555986935798             15.339460897584509 
             3.619000000000000             16.123785321661643             15.362546235121616 
             3.622000000000000             16.148014656387492             15.385631572658724 
             3.625000000000000             16.172243991113341             15.408716910195832 
             3.628000000000000             16.196473325839190             15.431802247732939 
             3.631000000000000             16.220702660565038             15.454887585270050 
             3.634000000000000             16.244931995290884             15.477972922807155 
             3.637000000000000             16.269161330016733             15.501058260344262 
             3.640000000000000             16.293390664742581             15.524143597881373 
             3.643000000000000             16.317619999468423             15.547228935418477 
             3.646000000000000             16.341849334194272             15.570314272955585 
             3.649000000000000             16.366078668920121             15.593399610492696 
             3.652000000000000             16.390308003645970             15.616484948029804 
             3.655000000000000             16.414537338371819             15.639570285566911 
             3.658000000000000             16.438766673097664             15.662655623104015 
             3.661000000000000             16.462996007823513             15.685740960641127 
             3.664000000000000             16.487225342549362             15.708826298178234 
             3.667000000000000             16.511454677275207             15.731911635715338 
             3.670000000000000             16.535684012001056             15.754996973252450 
             3.673000000000000             16.559913346726905             15.778082310789557 
             3.676000000000000             16.584142681452754             15.801167648326665 
             3.679000000000000             16.608372016178603             15.824252985863776 
             3.682000000000000             16.632601350904444             15.847338323400880 
             3.685000000000000             16.656830685630293             15.870423660937988 
             3.688000000000000             16.681060020356142             15.893508998475095 
             3.691000000000000             16.705289355081987             15.916594336012203 
             3.694000000000000             16.729518689807836             15.939679673549310 
             3.697000000000000             16.753748024533685             15.962765011086418 
             3.700000000000000             16.777977359259534             15.985850348623529 
             3.703000000000000             16.802206693985383             16.008935686160637 
             3.706000000000000             16.826436028711228             16.032021023697741 
             3.709000000000000             16.850665363437077             16.055106361234849 
             3.712000000000000             16.874894698162926             16.078191698771960 
             3.715000000000000             16.899124032888771             16.101277036309064 
             3.718000000000000             16.923353367614620             16.124362373846171 
             3.721000000000000             16.947582702340465             16.147447711383283 
             3.724000000000000             16.971812037066314             16.170533048920390 
             3.727000000000000             16.996041371792163             16.193618386457498 
             3.730000000000000             17.020270706518009             16.216703723994605 
             3.733000000000000             17.044500041243857             16.239789061531713 
             3.736000000000000             17.068729375969706             16.262874399068821 
             3.739000000000000             17.092958710695552             16.285959736605925 
             3.742000000000000             17.117188045421400             16.309045074143036 
             3.745000000000000             17.141417380147249             16.332130411680144 
             3.748000000000000             17.165646714873098             16.355215749217251 
             3.751000000000000             17.189876049598947             16.378301086754362 
             3.754000000000000             17.214105384324792             16.401386424291466 
             3.757000000000000             17.238334719050641             16.424471761828574 
             3.760000000000000             17.262564053776487             16.447557099365685 
             3.763000000000000             17.286793388502332             16.470642436902789 
             3.766000000000000             17.311022723228181             16.493727774439897 
             3.769000000000000             17.335252057954030             16.516813111977005 
             3.772000000000000             17.359481392679879             16.539898449514116 
             3.775000000000000             17.383710727405727             16.562983787051223 
             3.778000000000000             17.407940062131573             16.586069124588327 
             3.781000000000000             17.432169396857422             16.609154462125439 
             3.784000000000000             17.456398731583270             16.632239799662546 
             3.787000000000000             17.480628066309116             16.655325137199650 
             3.790000000000000             17.504857401034965             16.678410474736758 
             3.793000000000000             17.529086735760814             16.701495812273869 
             3.796000000000000             17.553316070486662             16.724581149810977 
             3.799000000000000             17.577545405212508             16.747666487348084 
             3.802000000000000             17.601774739938353             16.770751824885192 
             3.805000000000000             17.626004074664202             16.793837162422300 
             3.808000000000000             17.650233409390051             16.816922499959407 
             3.811000000000000             17.674462744115896             16.840007837496515 
             3.814000000000000             17.698692078841745             16.863093175033622 
             3.817000000000000             17.722921413567590             16.886178512570726 
             3.820000000000000             17.747150748293439             16.909263850107834 
             3.823000000000000             17.771380083019288             16.932349187644945 
             3.826000000000000             17.795609417745133             16.955434525182049 
             3.829000000000000             17.819838752470982             16.978519862719157 
             3.832000000000000             17.844068087196831             17.001605200256268 
             3.835000000000000             17.868297421922680             17.024690537793376 
             3.838000000000000             17.892526756648525             17.047775875330483 
             3.841000000000000             17.916756091374371             17.070861212867591 
             3.844000000000000             17.940985426100220             17.093946550404699 
             3.847000000000000             17.965214760826068             17.117031887941806 
             3.850000000000000             17.989444095551914             17.140117225478910 
             3.853000000000000             18.013673430277763             17.163202563016021 
             3.856000000000000             18.037902765003611             17.186287900553129 
             3.859000000000000             18.062132099729460             17.209373238090237 
             3.862000000000000             18.086361434455309             17.232458575627348 
             3.865000000000000             18.110590769181155             17.255543913164452 
             3.868000000000000             18.134820103907003             17.278629250701560 
             3.871000000000000             18.159049438632852             17.301714588238671 
             3.874000000000000             18.183278773358694             17.324799925775775 
             3.877000000000000             18.207508108084543             17.347885263312882 
             3.880000000000000             18.231737442810392             17.370970600849990 
             3.883000000000000             18.255966777536241             17.394055938387101 
             3.886000000000000             18.280196112262090             17.417141275924209 
             3.889000000000000             18.304425446987935             17.440226613461313 
             3.892000000000000             18.328654781713784             17.463311950998424 
             3.895000000000000             18.352884116439633             17.486397288535532 
             3.898000000000000             18.377113451165478             17.509482626072636 
             3.901000000000000             18.401342785891327             17.532567963609743 
             3.904000000000000             18.425572120617176             17.555653301146855 
             3.907000000000000             18.449801455343025             17.578738638683962 
             3.910000000000000             18.474030790068873             17.601823976221070 
             3.913000000000000             18.498260124794715             17.624909313758177 
             3.916000000000000             18.522489459520564             17.647994651295285 
             3.919000000000000             18.546718794246413             17.671079988832393 
             3.922000000000000             18.570948128972258             17.694165326369500 
             3.925000000000000             18.595177463698107             17.717250663906608 
             3.928000000000000             18.619406798423956             17.740336001443715 
             3.931000000000000             18.643636133149805             17.763421338980823 
             3.934000000000000             18.667865467875654             17.786506676517934 
             3.937000000000000             18.692094802601499             17.809592014055038 
             3.940000000000000             18.716324137327348             17.832677351592146 
             3.943000000000000             18.740553472053197             17.855762689129257 
             3.946000000000000             18.764782806779042             17.878848026666361 
             3.949000000000000             18.789012141504891             17.901933364203469 
             3.952000000000000             18.813241476230736             17.925018701740580 
             3.955000000000000             18.837470810956585             17.948104039277688 
             3.958000000000000             18.861700145682434             17.971189376814795 
             3.961000000000000             18.885929480408279             17.994274714351899 
             3.964000000000000             18.910158815134128             18.017360051889010 
             3.967000000000000             18.934388149859977             18.040445389426118 
             3.970000000000000             18.958617484585822             18.063530726963222 
             3.973000000000000             18.982846819311671             18.086616064500333 
             3.976000000000000             19.007076154037520             18.109701402037441 
             3.979000000000000             19.031305488763369             18.132786739574549 
             3.982000000000000             19.055534823489218             18.155872077111656 
             3.985000000000000             19.079764158215063             18.178957414648764 
             3.988000000000000             19.103993492940912             18.202042752185871 
             3.991000000000000             19.128222827666757             18.225128089722979 
             3.994000000000000             19.152452162392603             18.248213427260087 
             3.997000000000000             19.176681497118452             18.271298764797194 
